N_P_star,N_UF_star,computation_time_sec,leader_candidate_count,leader_full_evaluated_count,leader_serial_override,solver_evaluations,step,sup_pick_pfo,sup_v_pfo,sup_v_pstack,wu_b2_price_A,wu_b2_price_B,wu_b2_price_C,wu_b2_price_D,wu_b2_price_F,wu_b2_price_delta_sec,wu_b2_price_enabled,wu_b2_price_ref_A,wu_b2_price_ref_B,wu_b2_price_ref_C,wu_b2_price_ref_D,wu_b2_price_ref_F,wu_b2_price_refresh_count,wu_b2_price_refreshed,wu_b2_price_skipped,wu_b2_price_trust_sec,wu_b3_cliff_both_FW_E,wu_b3_cliff_both_FW_W,wu_b3_meter_fd3_R_D_E_base,wu_b3_meter_fd3_R_D_E_cliffup,wu_b3_meter_fd3_R_D_E_curv,wu_b3_meter_fd3_R_D_E_hi,wu_b3_meter_fd3_R_D_E_lo,wu_b3_meter_fd3_R_D_E_nonlin,wu_b3_meter_fd3_R_D_W_base,wu_b3_meter_fd3_R_D_W_cliffup,wu_b3_meter_fd3_R_D_W_curv,wu_b3_meter_fd3_R_D_W_hi,wu_b3_meter_fd3_R_D_W_lo,wu_b3_meter_fd3_R_D_W_nonlin,wu_b3_meter_fd3_R_F_E_base,wu_b3_meter_fd3_R_F_E_cliffup,wu_b3_meter_fd3_R_F_E_curv,wu_b3_meter_fd3_R_F_E_hi,wu_b3_meter_fd3_R_F_E_lo,wu_b3_meter_fd3_R_F_E_nonlin,wu_b3_meter_fd3_R_F_W_base,wu_b3_meter_fd3_R_F_W_cliffup,wu_b3_meter_fd3_R_F_W_curv,wu_b3_meter_fd3_R_F_W_hi,wu_b3_meter_fd3_R_F_W_lo,wu_b3_meter_fd3_R_F_W_nonlin,wu_b3_meter_price_R_D_E,wu_b3_meter_price_R_D_W,wu_b3_meter_price_R_F_E,wu_b3_meter_price_R_F_W,wu_b3_meter_price_enabled,wu_b3_meter_price_ref_R_D_E,wu_b3_meter_price_ref_R_D_W,wu_b3_meter_price_ref_R_F_E,wu_b3_meter_price_ref_R_F_W,wu_b3_release_ratio_FW_E,wu_b3_release_ratio_FW_W,wu_b3_release_refresh,wu_b3_vsl_price_FW_E__seg0,wu_b3_vsl_price_FW_E__seg1,wu_b3_vsl_price_FW_E__seg2,wu_b3_vsl_price_FW_E__seg3,wu_b3_vsl_price_FW_E__seg4,wu_b3_vsl_price_FW_E__seg5,wu_b3_vsl_price_FW_E__seg6,wu_b3_vsl_price_FW_E__seg7,wu_b3_vsl_price_FW_W__seg0,wu_b3_vsl_price_FW_W__seg1,wu_b3_vsl_price_FW_W__seg2,wu_b3_vsl_price_FW_W__seg3,wu_b3_vsl_price_FW_W__seg4,wu_b3_vsl_price_FW_W__seg5,wu_b3_vsl_price_FW_W__seg6,wu_b3_vsl_price_FW_W__seg7,wu_b3_vsl_price_enabled,wu_b3_vsl_price_ref_FW_E__seg0,wu_b3_vsl_price_ref_FW_E__seg1,wu_b3_vsl_price_ref_FW_E__seg2,wu_b3_vsl_price_ref_FW_E__seg3,wu_b3_vsl_price_ref_FW_E__seg4,wu_b3_vsl_price_ref_FW_E__seg5,wu_b3_vsl_price_ref_FW_E__seg6,wu_b3_vsl_price_ref_FW_E__seg7,wu_b3_vsl_price_ref_FW_W__seg0,wu_b3_vsl_price_ref_FW_W__seg1,wu_b3_vsl_price_ref_FW_W__seg2,wu_b3_vsl_price_ref_FW_W__seg3,wu_b3_vsl_price_ref_FW_W__seg4,wu_b3_vsl_price_ref_FW_W__seg5,wu_b3_vsl_price_ref_FW_W__seg6,wu_b3_vsl_price_ref_FW_W__seg7,wu_b4_barrier_enabled,wu_f3_offset_inner_iters_A,wu_f3_offset_inner_iters_B,wu_f3_offset_inner_iters_C,wu_f3_offset_price_A,wu_f3_offset_price_B,wu_f3_offset_price_C,wu_f3_offset_price_enabled,wu_f3_offset_ref_A,wu_f3_offset_ref_B,wu_f3_offset_ref_C,wu_f3_offset_walk_from_A,wu_f3_offset_walk_from_B,wu_f3_offset_walk_from_C,wu_faithful_active,wu_faithful_np_bias_ratio,wu_faithful_np_cand_lambda,wu_faithful_np_cand_lambda_applied,wu_faithful_np_feasible_max,wu_faithful_np_feasible_max_veh,wu_faithful_np_feasible_min,wu_faithful_np_feasible_min_veh,wu_faithful_np_original_target,wu_faithful_np_original_target_veh,wu_faithful_np_pd_exit,wu_faithful_np_pd_iters,wu_faithful_np_pd_lam_entry,wu_faithful_np_pd_residual,wu_faithful_np_predictor_current_interval,wu_faithful_np_predictor_legacy,wu_faithful_np_predictor_mode_code,wu_faithful_np_predictor_phase_substep,wu_faithful_np_predictor_storage_aware,wu_faithful_np_projected_target,wu_faithful_np_projected_target_veh,wu_faithful_np_projection_residual,wu_faithful_np_realized_sum_nin_veh,wu_faithful_np_sum_nin,wu_faithful_np_target,wu_faithful_np_target_error,wu_seg13_active,wu_seg13_budget_FW_E,wu_seg13_budget_FW_W,wu_seg13_evals_FW_E,wu_seg13_evals_FW_W,wu_seg13_floor_alpha_FW_W,wu_seg13_floor_cong_FW_W,wu_seg13_meter_box_edge_FW_E,wu_seg13_meter_box_edge_FW_W,wu_seg13_meter_box_r_FW_E,wu_seg13_meter_box_r_FW_W,wu_seg13_meter_box_total_FW_E,wu_seg13_meter_box_total_FW_W,wu_seg13_postsplit_FW_E,wu_seg13_postsplit_FW_W,wu_seg13_presplit_FW_E,wu_seg13_presplit_FW_W,wu_seg13_traj_used_FW_E,wu_seg13_traj_used_FW_W,wu_seg13_vsl_box_r_FW_E,wu_seg13_vsl_box_r_FW_W
0.0,0.0,3.0099996365606785e-05,0.0,0.0,0.0,0.0,0,,,,,,,,,,,,,,,,,,,,,,,,,,,,,,,,,,,,,,,,,,,,,,,,,,,,,,,,,,,,,,,,,,,,,,,,,,,,,,,,,,,,,,,,,,,,,,,,,,,,,,,,,0.0,,,,,,,,,,,,,,,,,,,,,,,,,,,,,,,,,,,,,,,,,,,,,,
0.0,0.0,4.0499959141016006e-05,0.0,0.0,0.0,0.0,1,,,,,,,,,,,,,,,,,,,,,,,,,,,,,,,,,,,,,,,,,,,,,,,,,,,,,,,,,,,,,,,,,,,,,,,,,,,,,,,,,,,,,,,,,,,,,,,,,,,,,,,,,0.0,,,,,,,,,,,,,,,,,,,,,,,,,,,,,,,,,,,,,,,,,,,,,,
0.0,0.0,2.95999925583601e-05,0.0,0.0,0.0,0.0,2,,,,,,,,,,,,,,,,,,,,,,,,,,,,,,,,,,,,,,,,,,,,,,,,,,,,,,,,,,,,,,,,,,,,,,,,,,,,,,,,,,,,,,,,,,,,,,,,,,,,,,,,,0.0,,,,,,,,,,,,,,,,,,,,,,,,,,,,,,,,,,,,,,,,,,,,,,
0.0,0.0,3.000005381181836e-05,0.0,0.0,0.0,0.0,3,,,,,,,,,,,,,,,,,,,,,,,,,,,,,,,,,,,,,,,,,,,,,,,,,,,,,,,,,,,,,,,,,,,,,,,,,,,,,,,,,,,,,,,,,,,,,,,,,,,,,,,,,0.0,,,,,,,,,,,,,,,,,,,,,,,,,,,,,,,,,,,,,,,,,,,,,,
0.0,0.0,4.069996066391468e-05,0.0,0.0,0.0,0.0,4,,,,,,,,,,,,,,,,,,,,,,,,,,,,,,,,,,,,,,,,,,,,,,,,,,,,,,,,,,,,,,,,,,,,,,,,,,,,,,,,,,,,,,,,,,,,,,,,,,,,,,,,,0.0,,,,,,,,,,,,,,,,,,,,,,,,,,,,,,,,,,,,,,,,,,,,,,
569.3172204412756,4800.0,41.95016559999203,49.0,5.0,1.0,215.0,5,0.0,140.0932171202036,138.62602569785824,0.011467074773363506,-0.05128267997226671,-0.043166037169574956,0.13232058199032212,0.09495671550100214,6.0,1.0,56.0,56.0,56.0,56.0,56.0,1.0,1.0,0.0,6.0,0.0,0.0,466.9083779444075,0.0,0.6075608411894109,466.9083779444075,467.515938785597,0.0,466.9083779444075,0.0,0.6002572408170863,466.9083779444075,467.50863518522465,0.0,466.9083779444075,0.0,1.0669404041419739,466.9083779444075,467.9753183485495,0.0,466.9083779444075,0.0,0.8333523915324577,466.9083779444075,467.7417303359399,0.0,-0.0020252028039648923,-0.002000857469390477,-0.0035564680138065797,-0.0027778413051080027,1.0,1500.0,1500.0,1500.0,1500.0,1.0161977073129858,1.0049178769119507,0.0,0.05730770768271576,0.05772239789753701,0.05812255786823535,0.05835429387750146,0.058574987549577795,0.05827602916360286,0.0577491590400518,0.056489440137661884,0.0567724942986481,0.05715295082565719,0.057510166854062475,0.05776507628116283,0.057950514145094806,0.05773886249304354,0.057206927205140715,0.055985429940508966,1.0,115.0,115.0,115.0,115.0,115.0,115.0,115.0,115.0,115.0,115.0,115.0,115.0,115.0,115.0,115.0,115.0,0.0,4.0,4.0,4.0,-0.03417998324728221,0.0028334042244543894,-0.024215591215183824,1.0,0.0,0.0,0.0,0.0,0.0,0.0,1.0,1.0,10.0,1.0,694.0205537746089,569.3172204412756,430.4649384771304,569.3172204412756,-3143.4165704082907,-3143.4165704082907,2.0,2.0,0.0,72.96337813977561,0.0,1.0,0.0,0.0,0.0,496.3538423015,569.3172204412756,-3639.7704127097904,569.3172204412756,569.3172204412756,-3143.4165704082907,72.96337813977561,1.0,2361.745143419033,2388.2548565809666,24.0,24.0,,,2.0,2.0,300.0,300.0,2.0,2.0,2400.0,2400.0,3000.0,3000.0,1.0,1.0,15.0,15.0
768.1503100288774,6000.0,44.84177629998885,49.0,5.0,0.0,553.0,6,0.0,230.93945545587877,229.44073614568077,0.07595819982555836,-0.10926648648692978,-0.08285862258658516,0.0973519330950424,0.42756029424014164,6.0,1.0,56.0,56.0,56.0,50.0,62.0,2.0,1.0,0.0,6.0,0.0,0.0,607.5690774875359,0.0,0.9397038120594061,607.155654036806,608.9222047503251,0.0,607.5690774875359,0.0,0.9182459453436422,607.3732504083291,608.6831505120863,0.0,607.5690774875359,0.0,1.3361424864356195,607.0882587102062,609.3860387513012,0.0,607.5690774875359,0.0,1.6452134503074376,607.487421479354,609.2959469460252,0.0,-0.0020894571512230504,-0.0021831668395952877,-0.0024252431405223027,-0.002676340996870247,1.0,1200.0,1200.0,1200.0,1200.0,,,0.0,0.09735430913338305,0.09662974751536098,0.0951858068803361,0.09812932256019806,0.09757488613487553,0.0994690769536085,0.0991892686110667,0.09874359524148667,0.09782098726045803,0.09727840590777141,0.09616675089873503,0.0980702699380707,0.09749609471302882,0.09947984570057643,0.09917990372296615,0.09865787067242629,1.0,115.0,115.0,115.0,115.0,115.0,115.0,115.0,115.0,115.0,115.0,115.0,115.0,115.0,115.0,115.0,115.0,0.0,4.0,4.0,4.0,0.009066587197001352,0.005072156518815896,-0.049060592539070295,1.0,0.0,0.0,0.0,0.0,0.0,0.0,1.0,1.0,0.0,0.0,0.0,,0.0,,0.0,,-1.0,0.0,0.0,0.0,0.0,1.0,0.0,0.0,0.0,0.0,,0.0,,768.1503100288774,0.0,768.1503100288774,1.0,,,32.0,32.0,,,2.0,2.0,300.0,300.0,2.0,2.0,,,,,1.0,1.0,15.0,15.0
1081.3132886997319,6000.0,44.27667290001409,49.0,5.0,0.0,463.0,7,0.0,328.9541079529855,327.6669227128652,0.12717551715598763,-0.12883660992522633,-0.005691052249525116,0.16156058756168362,0.2895791929370799,6.0,1.0,56.0,56.0,56.0,50.0,56.0,3.0,1.0,0.0,6.0,0.0,0.0,745.0041441321571,0.0,0.8976389334404757,745.0041441321571,745.9017830655976,0.0,745.0041441321571,0.0,0.826727876034056,745.0041441321571,745.8308720081911,0.0,745.0041441321571,0.0,1.727876025618798,745.0041441321571,746.7320201577759,0.0,745.0041441321571,0.0,1.7271757839407655,745.0041441321571,746.7313199160977,0.0,-0.00539897481226132,-0.004939595657008151,-0.008022651721133419,-0.007833293527889845,1.0,1500.0,1500.0,1500.0,1500.0,,,0.0,0.09825811995289299,0.09806120212865749,0.0986387737337367,0.1,0.09999545560828693,0.1,0.1,0.1,0.09754182711325825,0.097322710726543,0.09792876321693383,0.10002545154677661,0.10002244787122479,0.1,0.1,0.09996702679923218,1.0,115.0,115.0,115.0,115.0,115.0,115.0,115.0,115.0,115.0,115.0,115.0,115.0,115.0,115.0,115.0,115.0,0.0,4.0,4.0,4.0,0.015196947117156424,-0.01869440862753828,0.0019251444338429149,1.0,0.0,0.0,0.0,0.0,0.0,0.0,1.0,1.0,0.0,0.0,0.0,,0.0,,0.0,,-1.0,0.0,0.0,0.0,0.0,1.0,0.0,0.0,0.0,0.0,,0.0,,1081.3132886997319,0.0,1081.3132886997319,1.0,,,24.0,24.0,,,2.0,2.0,300.0,300.0,2.0,2.0,,,,,1.0,1.0,15.0,15.0
1187.0080158051564,4800.0,44.52285730000585,49.0,5.0,1.0,138.0,8,0.0,431.0817716106385,414.8894430520208,-0.20526567863226353,0.13186458167326057,0.013268031394375896,0.13399312685246595,0.24039170123360182,6.0,1.0,51.0,62.0,56.0,44.0,50.0,4.0,1.0,0.0,6.0,0.0,0.0,879.1654779077361,0.0,1.2922833901723152,879.1654779077361,877.8731945175638,0.0,879.1654779077361,0.0,1.1895169886195163,879.1654779077361,877.9759609191165,0.0,879.1654779077361,0.0,0.6928358130865035,879.1654779077361,878.4726420946497,0.0,879.1654779077361,0.0,0.5087257730931469,879.1654779077361,878.6567521346428,0.0,-0.001699028142356695,0.003221806596106068,-0.004749406642930793,-0.0028982796833684436,1.0,1500.0,1500.0,1500.0,1500.0,1.3709640647075838,1.2977132184226674,0.0,0.1,0.1,0.1,0.1,0.1,0.1,0.1,0.1,0.1,0.1,0.1,0.1,0.1,0.1,0.1,0.1,1.0,115.0,115.0,115.0,115.0,115.0,115.0,115.0,115.0,115.0,115.0,115.0,115.0,115.0,115.0,115.0,115.0,0.0,4.0,0.0,4.0,0.053694873671956675,0.028130989502214702,0.06445295073341181,1.0,0.0,0.0,0.0,0.0,0.0,0.0,1.0,1.0,10.0,1.0,1367.0846324691909,1187.0080158051564,708.7801871912143,1187.0080158051564,-2332.9780461359696,-2332.9780461359696,2.0,1.0,10.0,313.65171729444796,0.0,1.0,0.0,0.0,0.0,873.3562985107085,1187.0080158051564,-3206.334344646678,1187.0080158051564,1187.0080158051564,-2332.9780461359696,313.65171729444796,1.0,1750.592930757745,1849.4070692422551,24.0,24.0,,,2.0,1.0,300.0,300.0,2.0,2.0,2400.0,2400.0,3000.0,2850.0,,,15.0,15.0
0.0,0.0,46.40551760001108,0.0,0.0,0.0,476.0,9,1.0,493.78994647613916,523.9717176637866,,,,,,,,,,,,,,,,,,,,,,,,,,,,,,,,,,,,,,,,,,,,,,,,,,,,,,,,,,,,,,,,,,,,,,,,,,,,,,,,,,,,,,,,,,,,,,,,,,,,,,1.0,1.0,0.0,0.0,0.0,,0.0,,0.0,,-1.0,0.0,0.0,0.0,0.0,1.0,0.0,0.0,0.0,0.0,,0.0,,1320.6251774260932,0.0,1320.6251774260932,,,,,,,,,,,,,,,,,,,,,
1420.1597594505786,3600.0,72.72804909996921,75.0,11.0,1.0,770.0,10,0.0,571.6135465314201,570.5617735701236,-0.22714107410517018,-0.21364408179176073,0.02576434402592387,-0.1290450800703026,0.23196700596005118,6.0,1.0,52.0,56.0,56.0,50.0,56.0,6.0,1.0,0.0,6.0,0.0,0.0,1104.1295193827837,0.0,0.5349632646548343,1107.4092015388167,1100.3148739620958,0.0,1104.1295193827837,0.0,0.1383396970022659,1107.683742634441,1100.7136358281286,0.0,1104.1295193827837,0.0,2.7217066725861514,1107.3007731968385,1098.236558896143,0.0,1104.1295193827837,0.0,1.9906174981924778,1107.3997945431831,1098.868626724192,0.0,-0.0021176111931265253,-0.0018133339068697775,-0.003945232211330512,-0.0044948587768468,1.0,900.0,900.0,1350.0,1350.0,0.9999999999999999,1.0,0.0,-0.0026848652671034754,0.0,0.0,0.0,0.0,0.0,0.0,0.0,-0.0033047957183271136,0.0,0.0,0.0,0.0,0.0,0.0,0.0,1.0,100.0,100.0,100.0,100.0,100.0,100.0,100.0,100.0,100.0,100.0,100.0,100.0,100.0,100.0,100.0,100.0,0.0,0.0,0.0,4.0,0.04120203243875692,0.03356192251648681,0.050474284127005886,1.0,0.0,0.0,0.0,0.0,0.0,0.0,1.0,1.0,0.0,1.0,1504.5920752604056,1420.1597594505786,925.3837177839118,1420.1597594505786,1504.5920752604056,1504.5920752604056,2.0,2.0,10.0,-84.43231580982706,0.0,1.0,0.0,0.0,0.0,1504.5920752604056,1420.1597594505786,0.0,1420.1597594505786,1420.1597594505786,1504.5920752604056,-84.43231580982706,1.0,1727.8191284246657,1872.1808715753343,45.0,45.0,,,2.0,2.0,300.0,300.0,2.0,2.0,1727.8191284246655,1872.1808715753343,2700.0,2700.0,1.0,1.0,15.0,15.0
0.0,0.0,59.62442920001922,0.0,0.0,0.0,464.0,11,1.0,635.5978212302736,689.1010387066106,,,,,,,,,,,,,,,,,,,,,,,,,,,,,,,,,,,,,,,,,,,,,,,,,,,,,,,,,,,,,,,,,,,,,,,,,,,,,,,,,,,,,,,,,,,,,,,,,,,,,,1.0,1.0,0.0,0.0,0.0,,0.0,,0.0,,-1.0,0.0,0.0,0.0,0.0,1.0,0.0,0.0,0.0,0.0,,0.0,,1563.6775135940886,0.0,1563.6775135940886,,,,,,,,,,,,,,,,,,,,,
0.0,0.0,60.439940300013404,0.0,0.0,0.0,462.0,12,1.0,714.9499597569538,761.5265727921822,,,,,,,,,,,,,,,,,,,,,,,,,,,,,,,,,,,,,,,,,,,,,,,,,,,,,,,,,,,,,,,,,,,,,,,,,,,,,,,,,,,,,,,,,,,,,,,,,,,,,,1.0,1.0,0.0,0.0,0.0,,0.0,,0.0,,-1.0,0.0,0.0,0.0,0.0,1.0,0.0,0.0,0.0,0.0,,0.0,,1739.054444008225,0.0,1739.054444008225,,,,,,,,,,,,,,,,,,,,,
0.0,0.0,45.10324560001027,0.0,0.0,0.0,405.0,13,1.0,796.3401302702069,800.5515372161574,,,,,,,,,,,,,,,,,,,,,,,,,,,,,,,,,,,,,,,,,,,,,,,,,,,,,,,,,,,,,,,,,,,,,,,,,,,,,,,,,,,,,,,,,,,,,,,,,,,,,,1.0,1.0,0.0,0.0,0.0,,0.0,,0.0,,-1.0,0.0,0.0,0.0,0.0,1.0,0.0,0.0,0.0,0.0,,0.0,,1839.6730630209488,0.0,1839.6730630209488,,,,,,,,,,,,,,,,,,,,,
0.0,0.0,44.271330299961846,0.0,0.0,0.0,428.0,14,1.0,936.2938548004541,941.2886701172441,,,,,,,,,,,,,,,,,,,,,,,,,,,,,,,,,,,,,,,,,,,,,,,,,,,,,,,,,,,,,,,,,,,,,,,,,,,,,,,,,,,,,,,,,,,,,,,,,,,,,,1.0,1.0,0.0,0.0,0.0,,0.0,,0.0,,-1.0,0.0,0.0,0.0,0.0,1.0,0.0,0.0,0.0,0.0,,0.0,,1882.0515420273093,0.0,1882.0515420273093,,,,,,,,,,,,,,,,,,,,,
0.0,0.0,45.939758000022266,0.0,0.0,0.0,388.0,15,1.0,1036.422893060677,1053.6618541361993,,,,,,,,,,,,,,,,,,,,,,,,,,,,,,,,,,,,,,,,,,,,,,,,,,,,,,,,,,,,,,,,,,,,,,,,,,,,,,,,,,,,,,,,,,,,,,,,,,,,,,1.0,1.0,0.0,0.0,0.0,,0.0,,0.0,,-1.0,0.0,0.0,0.0,0.0,1.0,0.0,0.0,0.0,0.0,,0.0,,1884.5425024822384,0.0,1884.5425024822384,,,,,,,,,,,,,,,,,,,,,
0.0,0.0,46.67931540001882,0.0,0.0,0.0,426.0,16,1.0,1164.7107957412893,1183.3250172062326,,,,,,,,,,,,,,,,,,,,,,,,,,,,,,,,,,,,,,,,,,,,,,,,,,,,,,,,,,,,,,,,,,,,,,,,,,,,,,,,,,,,,,,,,,,,,,,,,,,,,,1.0,1.0,0.0,0.0,0.0,,0.0,,0.0,,-1.0,0.0,0.0,0.0,0.0,1.0,0.0,0.0,0.0,0.0,,0.0,,1921.743229835956,0.0,1921.743229835956,,,,,,,,,,,,,,,,,,,,,
0.0,0.0,45.727641300007235,0.0,0.0,0.0,435.0,17,1.0,1277.9375685625764,1284.1221089758428,,,,,,,,,,,,,,,,,,,,,,,,,,,,,,,,,,,,,,,,,,,,,,,,,,,,,,,,,,,,,,,,,,,,,,,,,,,,,,,,,,,,,,,,,,,,,,,,,,,,,,1.0,1.0,0.0,0.0,0.0,,0.0,,0.0,,-1.0,0.0,0.0,0.0,0.0,1.0,0.0,0.0,0.0,0.0,,0.0,,1951.6153658431926,0.0,1951.6153658431926,,,,,,,,,,,,,,,,,,,,,
0.0,0.0,44.118427200010046,0.0,0.0,0.0,423.0,18,1.0,1418.8903649949834,1429.8227897828021,,,,,,,,,,,,,,,,,,,,,,,,,,,,,,,,,,,,,,,,,,,,,,,,,,,,,,,,,,,,,,,,,,,,,,,,,,,,,,,,,,,,,,,,,,,,,,,,,,,,,,1.0,1.0,0.0,0.0,0.0,,0.0,,0.0,,-1.0,0.0,0.0,0.0,0.0,1.0,0.0,0.0,0.0,0.0,,0.0,,1977.5169849348251,0.0,1977.5169849348251,,,,,,,,,,,,,,,,,,,,,
0.0,0.0,45.22969500004547,0.0,0.0,0.0,428.0,19,1.0,1549.1711138245726,1552.6982290584024,,,,,,,,,,,,,,,,,,,,,,,,,,,,,,,,,,,,,,,,,,,,,,,,,,,,,,,,,,,,,,,,,,,,,,,,,,,,,,,,,,,,,,,,,,,,,,,,,,,,,,1.0,1.0,0.0,0.0,0.0,,0.0,,0.0,,-1.0,0.0,0.0,0.0,0.0,1.0,0.0,0.0,0.0,0.0,,0.0,,1997.394306963531,0.0,1997.394306963531,,,,,,,,,,,,,,,,,,,,,
2021.3876273904295,3600.0,58.617990500002634,75.0,10.0,1.0,290.0,20,0.0,1717.4153018227464,1714.1130511868705,-0.06448500196207974,-0.04683646282137016,-0.4158977671934683,0.13119203638791058,0.27537296481424534,6.0,1.0,51.0,56.0,51.0,44.0,44.0,16.0,1.0,0.0,6.0,0.0,0.0,2335.010592920861,0.0,0.611015988060899,2334.930619494176,2335.701582335607,0.0,2335.010592920861,0.0,0.17798671813034161,2334.581449756839,2335.6177228030137,0.0,2335.010592920861,0.0,3.6317550859384937,2335.396669937351,2338.2562709903095,1.0,2335.010592920861,0.0,2.294164453573103,2335.4045097262933,2336.910840569002,1.0,-0.007964454621007562,-0.008094425907935588,-0.016262362870970184,-0.013059416049395717,1.0,377.819128,372.180872,1350.0,1350.0,0.9999999999999999,1.0,0.0,-0.0013083782235767671,-4.842848326802596e-06,0.0,-4.575805623119322e-05,0.0,0.0,0.0,0.0,-0.0014227182277409157,-0.00015100139855590556,0.0,-4.784233699695051e-05,0.0,0.0,0.0,0.0,1.0,100.0,100.0,100.0,100.0,100.0,100.0,100.0,100.0,100.0,100.0,100.0,100.0,100.0,100.0,100.0,100.0,0.0,4.0,4.0,4.0,0.04735956185081799,0.005776629551467968,0.04309395892674483,1.0,0.0,0.0,0.0,0.0,0.0,0.0,1.0,1.0,0.0,1.0,2148.4432695650203,2021.3876273904295,1420.9485523461544,2021.3876273904295,2148.4432695650203,2148.4432695650203,2.0,2.0,10.0,-127.05564217459073,0.0,1.0,0.0,0.0,0.0,2148.4432695650203,2021.3876273904295,0.0,2021.3876273904295,2021.3876273904295,2148.4432695650203,-127.05564217459073,1.0,1736.9614461805652,1863.0385538194348,45.0,45.0,,,2.0,2.0,300.0,300.0,2.0,2.0,1736.961446180565,1863.0385538194348,2177.819128,2172.180872,1.0,1.0,15.0,15.0
0.0,0.0,60.59606979996897,0.0,0.0,0.0,498.0,21,1.0,1877.8266710681803,1919.5789288715814,,,,,,,,,,,,,,,,,,,,,,,,,,,,,,,,,,,,,,,,,,,,,,,,,,,,,,,,,,,,,,,,,,,,,,,,,,,,,,,,,,,,,,,,,,,,,,,,,,,,,,1.0,1.0,0.0,0.0,0.0,,0.0,,0.0,,-1.0,0.0,0.0,0.0,0.0,1.0,0.0,0.0,0.0,0.0,,0.0,,2045.134397212932,0.0,2045.134397212932,,,,,,,,,,,,,,,,,,,,,
0.0,0.0,59.96835189999547,0.0,0.0,0.0,457.0,22,1.0,2081.69272469064,2091.961345341897,,,,,,,,,,,,,,,,,,,,,,,,,,,,,,,,,,,,,,,,,,,,,,,,,,,,,,,,,,,,,,,,,,,,,,,,,,,,,,,,,,,,,,,,,,,,,,,,,,,,,,1.0,1.0,0.0,0.0,0.0,,0.0,,0.0,,-1.0,0.0,0.0,0.0,0.0,1.0,0.0,0.0,0.0,0.0,,0.0,,2050.09554798745,0.0,2050.09554798745,,,,,,,,,,,,,,,,,,,,,
0.0,0.0,59.85349649999989,0.0,0.0,0.0,452.0,23,1.0,2294.854726122883,2298.995159694766,,,,,,,,,,,,,,,,,,,,,,,,,,,,,,,,,,,,,,,,,,,,,,,,,,,,,,,,,,,,,,,,,,,,,,,,,,,,,,,,,,,,,,,,,,,,,,,,,,,,,,1.0,1.0,0.0,0.0,0.0,,0.0,,0.0,,-1.0,0.0,0.0,0.0,0.0,1.0,0.0,0.0,0.0,0.0,,0.0,,2121.723754914236,0.0,2121.723754914236,,,,,,,,,,,,,,,,,,,,,
2103.870698299611,4068.6240746080507,58.24509689997649,49.0,5.0,1.0,656.0,24,0.0,2547.7427240872794,2542.7567273113723,-0.12934515706316083,-0.025480421894266435,-0.5158062159224457,0.038844910567533475,0.7570996345814887,6.0,1.0,51.0,38.0,57.0,44.0,44.0,20.0,1.0,0.0,6.0,0.0,0.0,2874.6540300197157,0.0,0.8310764128336814,2874.790548288845,2875.34858816342,1.0,2874.6540300197157,0.0,0.02667221448973578,2874.0891357917467,2875.1922520331946,0.0,2874.6540300197157,0.0,1.2508433501552645,2870.5081086572022,2877.549108032074,0.0,2874.6540300197157,0.0,1.9863170073840593,2874.61916670449,2876.675210342326,0.0,-0.007740998870709603,-0.008956130250497317,-0.025703687595665888,-0.01206538439214392,1.0,390.607655,276.516853,1346.353791,1436.521701,1.0000000000000002,0.9127477252242071,0.0,-0.0013598851298247893,-3.602169908134556e-06,0.0,-1.2084184439231649e-05,0.0,0.0,0.0,0.0,-0.0016597774413469324,-0.00032193753197944374,-8.884904761998768e-05,0.0012578199785316714,-2.49622750970957e-05,0.0,0.0,0.0,1.0,100.0,100.0,100.0,100.0,100.0,100.0,100.0,100.0,100.0,100.0,100.0,100.0,100.0,100.0,100.0,100.0,0.0,4.0,4.0,4.0,0.07075003441174013,0.004934054063641705,0.055972641282294455,1.0,0.0,0.0,0.0,0.0,0.0,0.0,1.0,1.0,0.0,1.0,2303.268810856817,2103.870698299611,1476.1519448286288,2103.870698299611,2103.870698299611,2103.870698299611,1.0,1.0,0.0,0.0,0.0,1.0,0.0,0.0,0.0,2103.870698299611,2103.870698299611,0.0,2103.870698299611,2103.870698299611,2103.870698299611,0.0,1.0,1992.1072216080506,2275.0172863919493,48.0,45.0,0.65,1.0803765249912225,2.0,2.0,300.0,300.0,2.0,2.0,1992.1072216080508,2076.516853,2190.607655,2076.516853,1.0,1.0,15.0,15.0
0.0,0.0,57.70736910001142,0.0,0.0,0.0,418.0,25,1.0,2807.469545471233,2830.8138583689642,,,,,,,,,,,,,,,,,,,,,,,,,,,,,,,,,,,,,,,,,,,,,,,,,,,,,,,,,,,,,,,,,,,,,,,,,,,,,,,,,,,,,,,,,,,,,,,,,,,,,,1.0,1.0,0.0,0.0,0.0,,0.0,,0.0,,-1.0,0.0,0.0,0.0,0.0,1.0,0.0,0.0,0.0,0.0,,0.0,,2163.7777123261053,0.0,2163.7777123261053,,,,,,,,,,,,,,,,,,,,,
2041.8136883167617,4068.413592973992,50.88100320001831,49.0,4.0,1.0,406.0,26,0.0,2993.078767868468,2983.967967022377,-0.11591319678027882,-0.032961558461354436,-0.604086638208687,0.054176453543637614,0.6349135454474204,6.0,1.0,51.0,38.0,56.0,44.0,44.0,22.0,1.0,0.0,6.0,0.0,0.0,2972.9118507433996,0.0,0.6144124455404381,2972.991562313733,2973.4465516186065,1.0,2972.9118507433996,0.0,0.07631552350358106,2971.8769976366243,2974.023019373678,0.0,2972.9118507433996,0.0,0.30842849875989486,2970.835789262628,2975.296340722931,0.0,2972.9118507433996,0.0,1.6873358940274557,2970.606312103051,2976.9047252777755,0.0,-0.011363453436950431,-0.013040027255851594,-0.028591376218176586,-0.029474816667792635,1.0,328.028709,276.516853,1364.078513,1350.0,0.9999999999999999,0.938475564820377,0.0,-0.004410278810485835,-0.0004580846837789921,-0.0003689728000381365,-0.0009154369137405638,-0.0002113339237666878,-2.133771909029747e-06,-8.867079941410338e-08,0.0,-0.004532517489562338,-0.0013754045058675503,-0.0008028456529928007,-0.0010372060235141589,-0.00017967044127544795,-0.00012154978221587954,-0.00014056150248507038,-0.00023323904338212742,1.0,100.0,100.0,100.0,100.0,100.0,100.0,100.0,100.0,100.0,100.0,100.0,100.0,100.0,100.0,100.0,100.0,0.0,4.0,4.0,4.0,0.07868709615839103,0.0034881511761540194,0.05320526632437748,1.0,0.0,0.0,0.0,0.0,0.0,0.0,1.0,1.0,0.0,1.0,2315.7541605542947,2041.8136883167617,1452.679956044684,2041.8136883167617,2041.8136883167617,2041.8136883167617,1.0,1.0,0.0,0.0,0.0,1.0,0.0,0.0,0.0,2041.8136883167617,2041.8136883167617,0.0,2041.8136883167617,2041.8136883167617,2041.8136883167617,0.0,1.0,1991.896739973992,2212.6488220260085,45.0,45.0,0.65,1.1808968877342874,2.0,2.0,300.0,300.0,2.0,2.0,1991.8967399739918,2076.516853,2128.028709,2076.516853,1.0,1.0,15.0,15.0
0.0,0.0,57.28953750000801,0.0,0.0,0.0,416.0,27,1.0,3011.937966051493,3027.150090877129,,,,,,,,,,,,,,,,,,,,,,,,,,,,,,,,,,,,,,,,,,,,,,,,,,,,,,,,,,,,,,,,,,,,,,,,,,,,,,,,,,,,,,,,,,,,,,,,,,,,,,1.0,1.0,0.0,0.0,0.0,,0.0,,0.0,,-1.0,0.0,0.0,0.0,0.0,1.0,0.0,0.0,0.0,0.0,,0.0,,1941.1715350723719,0.0,1941.1715350723719,,,,,,,,,,,,,,,,,,,,,
1734.8685654677702,4164.369983,43.77846220001811,49.0,5.0,0.0,637.0,28,0.0,3008.850348816295,2993.641332418625,-0.08898197070641108,-0.046904062207651975,-0.3628200101517649,0.14542382756377967,0.5752570042650025,6.0,1.0,51.0,38.0,62.0,44.0,38.0,24.0,1.0,0.0,6.0,0.0,0.0,2916.755743041509,0.0,0.9536873136075883,2914.131390460714,2920.333782935912,0.0,2916.755743041509,0.0,0.10989221569434449,2911.4976448511334,2922.1237334475795,0.0,2916.755743041509,0.0,2.2787037187426904,2915.106055407023,2920.6841343947376,0.0,2916.755743041509,0.0,1.224081736010703,2911.2321670600495,2923.503400758979,0.0,-0.019275524366909706,-0.012559905072931248,-0.027898592059087353,-0.016120889637647264,1.0,287.85313,276.516853,1254.04361,1200.0,,,0.0,-0.005157060729507635,-0.0025362731721521926,-0.002711810958386707,-0.003913836851583597,-0.0038566027077749257,-0.003754460563482098,-0.004111751091045335,-0.004325195725846243,0.001808893486339968,0.002503451154027658,0.0023740602938033817,0.002395067273438656,0.002518176030396547,-0.005375859233552659,-0.005781036372413695,-0.006855240695394826,1.0,100.0,100.0,100.0,100.0,100.0,100.0,100.0,100.0,100.0,100.0,100.0,100.0,100.0,100.0,100.0,100.0,0.0,4.0,4.0,0.0,0.06026347819891953,0.00045716347695285266,0.05874690236949694,1.0,0.0,0.0,0.0,0.0,0.0,0.0,1.0,1.0,0.0,0.0,0.0,,0.0,,0.0,,-1.0,0.0,0.0,0.0,0.0,1.0,0.0,0.0,0.0,0.0,,0.0,,1734.8685654677702,0.0,1734.8685654677702,1.0,,,48.0,48.0,,,2.0,2.0,300.0,300.0,2.0,2.0,,,,,1.0,1.0,15.0,15.0
1715.2467987161347,4764.369983,44.38379290001467,49.0,5.0,0.0,579.0,29,0.0,2958.467392429857,2929.3877254328527,-0.07123421311079407,-0.055856381336572745,-0.290065479884125,0.07949987674186332,0.13760348895376023,6.0,1.0,51.0,38.0,68.0,44.0,38.0,25.0,1.0,0.0,6.0,0.0,0.0,2832.5189755777965,1.0,4.966505774528741,2837.325242140893,2832.679214789229,1.0,2832.5189755777965,0.0,0.02440521735115908,2830.7720150935074,2834.241530844734,0.0,2832.5189755777965,0.0,2.253515628074638,2832.5189755777965,2830.265459949722,0.0,2832.5189755777965,0.0,1.533257984922784,2832.5189755777965,2834.0522335627193,0.0,0.005511403508300129,-0.0010175848529483502,0.0009436157899144369,-0.0012097287142359405,1.0,587.85313,576.516853,1500.0,1500.0,,,0.0,-0.0039218314567307285,-0.005056948305313114,-0.007143993094160805,-0.009717556146483019,-0.005563351517670867,-0.0013525792161871665,-0.001952333446260468,-0.002199396682999577,-0.004492239942339183,-0.00479249708833649,-0.005358992839403953,-0.005891909534141604,-0.004713133615003784,-0.004223319677328164,-0.006216978947797713,-0.007994664584605004,1.0,100.0,100.0,100.0,100.0,100.0,100.0,100.0,100.0,100.0,100.0,100.0,100.0,100.0,100.0,100.0,100.0,0.0,4.0,4.0,0.0,-0.008554795023614285,0.007003737989590301,0.021486246731279836,1.0,90.0,0.0,0.0,0.0,0.0,0.0,1.0,1.0,0.0,0.0,0.0,,0.0,,0.0,,-1.0,0.0,0.0,0.0,0.0,1.0,0.0,0.0,0.0,0.0,,0.0,,1715.2467987161347,0.0,1715.2467987161347,1.0,,,42.0,42.0,,,2.0,2.0,300.0,300.0,2.0,2.0,,,,,1.0,1.0,15.0,15.0
1544.5647683574948,5364.3699830000005,73.6696875000489,75.0,12.0,0.0,594.0,30,0.0,2886.1225472052092,2884.0003089199754,-0.09290784476925278,-0.04771304312860518,-0.178121029763948,0.09633502409688788,0.3393926276238801,6.0,1.0,51.0,38.0,74.0,44.0,38.0,26.0,1.0,0.0,6.0,0.0,0.0,2753.580308364111,1.0,4.306055465776808,2758.0040600036464,2753.462612190352,0.0,2753.580308364111,0.0,0.03748349849047372,2751.464047906856,2755.734052319856,0.0,2753.580308364111,0.0,3.751776686564881,2753.580308364111,2749.8285316775464,0.0,2753.580308364111,0.0,1.9753167581266098,2753.580308364111,2755.555625122237,0.0,0.0026730255621660844,-0.0022597560845507778,0.005276080644760839,-0.002192180849239899,1.0,887.85313,876.516853,1500.0,1500.0,,,0.0,-0.00454329302886265,-0.005273457606578802,-0.006611268290701133,-0.005670758181791058,-0.0029491235706345267,-0.0006747425791900242,-0.001109181290962624,-0.001306235514380205,-0.004840081968271193,-0.005991598376967034,-0.008423825581061094,-0.011201219678494568,-0.009754496686238668,-0.005762904675331271,-0.008682943931842147,-0.010696288161780388,1.0,100.0,100.0,100.0,100.0,100.0,100.0,100.0,100.0,100.0,100.0,100.0,100.0,100.0,100.0,100.0,100.0,0.0,4.0,4.0,4.0,-0.026759847996472293,0.003167186910345284,-0.014134869675518757,1.0,90.0,0.0,90.0,0.0,0.0,0.0,1.0,1.0,0.0,0.0,0.0,,0.0,,0.0,,-1.0,0.0,0.0,0.0,0.0,1.0,0.0,0.0,0.0,0.0,,0.0,,1544.5647683574948,0.0,1544.5647683574948,1.0,,,42.0,42.0,,,2.0,2.0,300.0,300.0,2.0,2.0,,,,,1.0,1.0,15.0,15.0
1355.9529332019201,5964.3699830000005,46.03469329996733,49.0,4.0,0.0,594.0,31,0.0,2850.968395268598,2850.5379051740574,-0.07427138398708404,-0.04076399687705627,-0.15720729431693786,0.08345818452581473,-0.06903855655311493,6.0,1.0,51.0,38.0,74.0,44.0,38.0,27.0,1.0,0.0,6.0,0.0,0.0,2682.0214499220924,1.0,3.5542572111944537,2685.5734225469005,2682.0237345084784,1.0,2682.0214499220924,0.0,1.2576761499212807,2678.2391922954266,2684.5460313988365,0.0,2682.0214499220924,0.0,4.490021824958603,2682.0214499220924,2677.531428097134,0.0,2682.0214499220924,0.0,1.1617088229859291,2682.0214499220924,2683.183158745078,0.0,-0.0027577811862500336,-0.0033200848567371344,-0.0018968505663819243,0.0038304886189357034,1.0,1187.85313,1176.516853,1500.0,1500.0,,,0.0,-0.005030517609360174,-0.007006273830883458,-0.012208136573077157,-0.003560514633544898,-0.003206593557524684,-0.00015949473374803346,-0.00045656633917587894,-0.0005882086200244885,-0.003201578490187984,-0.0034457585908022285,-0.004616204876863251,-0.005719568923360539,-0.00592760696512009,-0.006430141671112466,-0.00881397096030554,-0.011186803681903612,1.0,100.0,100.0,100.0,100.0,100.0,100.0,100.0,100.0,100.0,100.0,100.0,100.0,100.0,100.0,100.0,100.0,0.0,2.0,4.0,3.0,-0.007205964064277736,0.007345982672109131,0.008193225131030126,1.0,90.0,0.0,75.0,0.0,0.0,0.0,1.0,1.0,0.0,0.0,0.0,,0.0,,0.0,,-1.0,0.0,0.0,0.0,0.0,1.0,0.0,0.0,0.0,0.0,,0.0,,1355.9529332019201,0.0,1355.9529332019201,1.0,,,42.0,42.0,,,2.0,2.0,300.0,300.0,2.0,2.0,,,,,1.0,1.0,15.0,15.0
0.0,0.0,43.61303790000966,0.0,0.0,0.0,369.0,32,1.0,2843.8984304906,2851.3615041645107,,,,,,,,,,,,,,,,,,,,,,,,,,,,,,,,,,,,,,,,,,,,,,,,,,,,,,,,,,,,,,,,,,,,,,,,,,,,,,,,,,,,,,,,,,,,,,,,,,,,,,1.0,1.0,0.0,0.0,0.0,,0.0,,0.0,,-1.0,0.0,0.0,0.0,0.0,1.0,0.0,0.0,0.0,0.0,,0.0,,1230.8256346851554,0.0,1230.8256346851554,,,,,,,,,,,,,,,,,,,,,
0.0,0.0,43.68670690001454,0.0,0.0,0.0,393.0,33,1.0,2847.3690235981703,2848.161482953636,,,,,,,,,,,,,,,,,,,,,,,,,,,,,,,,,,,,,,,,,,,,,,,,,,,,,,,,,,,,,,,,,,,,,,,,,,,,,,,,,,,,,,,,,,,,,,,,,,,,,,1.0,1.0,0.0,0.0,0.0,,0.0,,0.0,,-1.0,0.0,0.0,0.0,0.0,1.0,0.0,0.0,0.0,0.0,,0.0,,1241.9621010187373,0.0,1241.9621010187373,,,,,,,,,,,,,,,,,,,,,
1159.4793299351404,6000.0,43.90413769998122,49.0,4.0,0.0,533.0,34,0.0,2863.483528130039,2863.483528130039,-0.09384897205251737,-0.027433372073346618,-0.09306167284613782,0.1174844368959261,-0.19077765757243034,6.0,1.0,51.0,38.0,62.0,44.0,44.0,30.0,1.0,0.0,6.0,0.0,0.0,2512.995541556263,0.0,6.072249870668202,2512.750906092032,2519.3124268911624,0.0,2512.995541556263,0.0,7.860728071093945,2512.995541556263,2520.856269627357,0.0,2512.995541556263,0.0,5.8319567253656714,2512.995541556263,2518.827498281629,0.0,2512.995541556263,0.0,0.4389104175425018,2512.995541556263,2513.4344519738056,0.0,-0.015260198413436565,-0.01843859974567067,-0.014515985305749341,-0.0006752559651458276,1.0,1487.85313,1500.0,1500.0,1500.0,,,0.0,-0.004291400515819532,-0.005189633773384017,-0.00793885945084476,-0.008092339032115347,-0.009367214394157133,-0.0015216045580700665,-0.005421172847968947,-0.007466347777591765,-0.004530018822199012,-0.005328101564163745,-0.00804128999884881,-0.008752873483458858,-0.010795370906747336,-0.007571682020146753,-0.011210260017134033,-0.015227935555579818,1.0,100.0,100.0,100.0,100.0,100.0,100.0,100.0,100.0,100.0,100.0,100.0,100.0,100.0,100.0,100.0,100.0,0.0,4.0,4.0,4.0,-0.021786180917849642,-0.014562342896486294,-0.008153611833337966,1.0,90.0,90.0,90.0,0.0,0.0,0.0,1.0,1.0,0.0,0.0,0.0,,0.0,,0.0,,-1.0,0.0,0.0,0.0,0.0,1.0,0.0,0.0,0.0,0.0,,0.0,,1159.4793299351404,0.0,1159.4793299351404,1.0,,,39.0,36.0,,,2.0,2.0,300.0,300.0,2.0,2.0,,,,,1.0,1.0,15.0,15.0
1112.4355825474534,6000.0,43.216647100052796,49.0,4.0,0.0,518.0,35,0.0,2881.681953517873,2881.681953517873,-0.07491543486225065,-0.02676944984291415,-0.09586048340899349,0.11902685328354323,-0.2960866486577203,6.0,1.0,51.0,38.0,62.0,44.0,50.0,31.0,1.0,0.0,6.0,0.0,0.0,2469.8161220872084,0.0,2.595701548269062,2469.8161220872084,2472.4118236354775,0.0,2469.8161220872084,0.0,3.014326492667351,2469.8161220872084,2472.8304485798753,0.0,2469.8161220872084,0.0,2.043558430535086,2469.8161220872084,2471.859680517744,0.0,2469.8161220872084,0.0,0.025899634313645947,2469.8161220872084,2469.842021721522,0.0,-0.0015318382359432552,-0.002185479143408931,0.0006899417854723325,-7.639710206333917e-05,1.0,1500.0,1500.0,1500.0,1500.0,,,0.0,-0.004008037076974346,-0.004594153394881317,-0.00677385766316938,-0.007086287622476206,-0.00897466878273221,-0.0036302124460917185,-0.007058424326990221,-0.00970458259066902,-0.00484472089817416,-0.0057345235259642635,-0.008706444214392307,-0.00947241454411305,-0.011528734879499323,-0.008398848000054214,-0.01213172602121766,-0.016303076047702803,1.0,100.0,100.0,100.0,100.0,100.0,100.0,100.0,100.0,100.0,100.0,100.0,100.0,100.0,100.0,100.0,100.0,0.0,2.0,4.0,4.0,-0.006299587163353711,-0.016941889486239838,0.0053615177089530635,1.0,90.0,90.0,90.0,0.0,0.0,0.0,1.0,1.0,0.0,0.0,0.0,,0.0,,0.0,,-1.0,0.0,0.0,0.0,0.0,1.0,0.0,0.0,0.0,0.0,,0.0,,1112.4355825474534,0.0,1112.4355825474534,1.0,,,36.0,36.0,,,2.0,2.0,300.0,300.0,2.0,2.0,,,,,1.0,1.0,15.0,15.0
1032.81973021571,6000.0,43.97412109997822,49.0,4.0,0.0,533.0,36,0.0,2907.6019012713014,2907.4163212976346,-0.09399325891716377,-0.02733728025032415,-0.04640754947453729,0.12007824897098374,-0.7883932316986085,6.0,1.0,51.0,38.0,62.0,44.0,56.0,32.0,1.0,0.0,6.0,0.0,0.0,2427.580910361245,0.0,2.758358758358554,2427.580910361245,2430.339269119603,0.0,2427.580910361245,0.0,3.018007846380897,2427.580910361245,2430.5989182076264,0.0,2427.580910361245,0.0,1.8696213995508515,2427.580910361245,2429.4505317607964,0.0,2427.580910361245,0.0,0.05683155554561381,2427.580910361245,2427.63774191679,0.0,-0.0019827058161749978,-0.0021945588566019587,0.0014566775628940343,-0.00018943851848386353,1.0,1500.0,1500.0,1500.0,1500.0,,,0.0,-0.0045578283789922125,-0.0053438893313327174,-0.008035093529713678,-0.008515052571787507,-0.011044628381851496,-0.005460931056205709,-0.008746906101733742,-0.01220212099097857,-0.004876117642081469,-0.00580362239180694,-0.00886790488418612,-0.009737960693828995,-0.012546895095841393,-0.007781398962483976,-0.012150083369948207,-0.01681007491112858,1.0,100.0,100.0,100.0,100.0,100.0,100.0,100.0,100.0,100.0,100.0,100.0,100.0,100.0,100.0,100.0,100.0,0.0,4.0,4.0,4.0,-0.021309604090697577,0.010858465126673877,-0.058469826490988905,1.0,90.0,0.0,60.0,0.0,0.0,0.0,1.0,1.0,0.0,0.0,0.0,,0.0,,0.0,,-1.0,0.0,0.0,0.0,0.0,1.0,0.0,0.0,0.0,0.0,,0.0,,1032.81973021571,0.0,1032.81973021571,1.0,,,36.0,36.0,,,2.0,2.0,300.0,300.0,2.0,2.0,,,,,1.0,1.0,15.0,15.0
1013.9158023102956,6000.0,46.89408709999407,49.0,4.0,0.0,547.0,37,0.0,2909.4185196329186,2908.6731387607256,-0.07499757251478911,-0.02613580079389758,0.1012915254816941,0.12132237444371204,-1.0281536457728226,6.0,1.0,51.0,38.0,62.0,44.0,62.0,33.0,1.0,0.0,6.0,0.0,0.0,2381.207612048327,0.0,2.7880317102990375,2381.207612048327,2383.9956437586266,0.0,2381.207612048327,0.0,3.0081802837312352,2381.207612048327,2384.2157923320583,0.0,2381.207612048327,0.0,1.4893194906599092,2381.207612048327,2382.6969315389865,0.0,2381.207612048327,0.0,0.04391700423002476,2381.207612048327,2381.2515290525566,0.0,-0.002064959952382068,-0.0021756315795672283,0.002690524306641061,-0.00014238597470431102,1.0,1500.0,1500.0,1500.0,1500.0,,,0.0,-0.0046876670523900545,-0.005489352058955533,-0.008241027450001683,-0.008767779039402868,-0.011165401277223808,-0.00720045497629016,-0.010346750992550825,-0.01397929118752508,-0.004938280278305741,-0.005888534792834932,-0.00900335324135142,-0.009795898718977014,-0.012216469882563887,-0.007998016688774357,-0.012092684867165105,-0.016707413446613376,1.0,100.0,100.0,100.0,100.0,100.0,100.0,100.0,100.0,100.0,100.0,100.0,100.0,100.0,100.0,100.0,100.0,0.0,2.0,4.0,4.0,-0.005698607436926295,0.04021974110259237,-0.14984166620129521,1.0,90.0,30.0,60.0,0.0,0.0,0.0,1.0,1.0,0.0,0.0,0.0,,0.0,,0.0,,-1.0,0.0,0.0,0.0,0.0,1.0,0.0,0.0,0.0,0.0,,0.0,,1013.9158023102956,0.0,1013.9158023102956,1.0,,,36.0,36.0,,,2.0,2.0,300.0,300.0,2.0,2.0,,,,,1.0,1.0,15.0,15.0
967.8245677501682,6000.0,45.79881040001055,49.0,4.0,0.0,537.0,38,0.0,2870.582333448873,2865.9866335194492,-0.09897754974451563,-0.020228626749561347,0.2806879333065998,0.12262365910527726,-1.160075341851344,6.0,1.0,51.0,38.0,56.0,44.0,68.0,34.0,1.0,0.0,6.0,0.0,0.0,2325.749514431455,0.0,2.7991989487518367,2325.749514431455,2328.548713380206,0.0,2325.749514431455,0.0,2.9900507729598758,2325.749514431455,2328.7395652044147,0.0,2325.749514431455,0.0,1.0657367746407544,2325.749514431455,2326.8152512060956,0.0,2325.749514431455,0.0,0.08495910240617377,2325.749514431455,2325.834473533861,0.0,-0.001828390977166118,-0.0021126717646243274,0.0011981569743733191,-0.0002831970080205792,1.0,1500.0,1500.0,1500.0,1500.0,,,0.0,-0.004719823875301899,-0.005589350022378526,-0.008459338210079537,-0.009051433368333053,-0.012004027066367585,-0.0053932724520937125,-0.00966631648033669,-0.013972287891284196,-0.004838345011117795,-0.005771764604619988,-0.008857275301756218,-0.009724866654575594,-0.012882653448346205,-0.006854198078440277,-0.011474152369966718,-0.01642026954147404,1.0,100.0,100.0,100.0,100.0,100.0,100.0,100.0,100.0,100.0,100.0,100.0,100.0,100.0,100.0,100.0,100.0,0.0,4.0,4.0,3.0,-0.03029716683107419,-0.02201026432250614,-0.02301875728826796,1.0,90.0,0.0,75.0,0.0,0.0,0.0,1.0,1.0,0.0,0.0,0.0,,0.0,,0.0,,-1.0,0.0,0.0,0.0,0.0,1.0,0.0,0.0,0.0,0.0,,0.0,,967.8245677501682,0.0,967.8245677501682,1.0,,,36.0,36.0,,,2.0,2.0,300.0,300.0,2.0,2.0,,,,,1.0,1.0,15.0,15.0
986.2572524834502,6000.0,46.37798459996702,49.0,4.0,0.0,561.0,39,0.0,2789.555160198031,2789.555160198031,-0.098970731988409,0.0033662054178004545,0.2611713805625536,0.12959889001188193,-0.983446540359085,6.0,1.0,51.0,38.0,50.0,44.0,74.0,35.0,1.0,0.0,6.0,0.0,0.0,2263.016475647826,0.0,2.8456085209054436,2263.016475647826,2265.862084168732,0.0,2263.016475647826,0.0,2.976482709962511,2263.016475647826,2265.9929583577887,0.0,2263.016475647826,0.0,0.5854111404951254,2263.016475647826,2263.601886788321,0.0,2263.016475647826,0.0,0.06736178819028282,2263.016475647826,2263.0838374360164,0.0,-0.0019792422692795943,-0.002184372719869169,0.002193293453612692,-0.0002186941133821326,1.0,1500.0,1500.0,1500.0,1500.0,,,0.0,-0.004784980406417106,-0.005613009404772029,-0.008441438852493023,-0.009023133557760944,-0.01172272398108305,-0.006491140639490212,-0.010511420684913375,-0.014583536563915443,-0.004862377689546093,-0.005781339364112625,-0.008793143181294026,-0.009619460416530144,-0.012175650315362673,-0.0080444099793354,-0.01195272185708731,-0.016463949395942732,1.0,100.0,100.0,100.0,100.0,100.0,100.0,100.0,100.0,100.0,100.0,100.0,100.0,100.0,100.0,100.0,100.0,0.0,2.0,4.0,4.0,-0.008171774795906117,-0.009377793288277304,0.011599355644583888,1.0,90.0,0.0,90.0,0.0,0.0,0.0,1.0,1.0,0.0,0.0,0.0,,0.0,,0.0,,-1.0,0.0,0.0,0.0,0.0,1.0,0.0,0.0,0.0,0.0,,0.0,,986.2572524834502,0.0,986.2572524834502,1.0,,,36.0,36.0,,,2.0,2.0,300.0,300.0,2.0,2.0,,,,,1.0,1.0,15.0,15.0
926.7798112715402,6000.0,56.80513400002383,75.0,9.0,0.0,526.0,40,0.0,2721.025204245088,2710.062093376322,-0.09956653416268324,0.05871026520872866,0.2678265469735379,0.2764294701268592,-0.5048555357339785,6.0,1.0,51.0,38.0,44.0,44.0,80.0,36.0,1.0,0.0,6.0,0.0,0.0,2194.403385623107,0.0,2.914740156076732,2194.403385623107,2197.3181257791844,0.0,2194.403385623107,0.0,2.9564112488169485,2194.403385623107,2197.3597968719246,0.0,2194.403385623107,0.0,0.13106658608376165,2194.403385623107,2194.534452209191,0.0,2194.403385623107,0.0,0.11488883838865149,2194.403385623107,2194.5182744614954,0.0,-0.0020436468025009915,-0.002072927636583859,-0.00041764314067554173,-0.0003829627946273225,1.0,1500.0,1500.0,1500.0,1500.0,,,0.0,-0.004891756738626185,-0.0057989341681349066,-0.008779575622746803,-0.009405650265219377,-0.012740397307614159,-0.004499779611331079,-0.00980117222089838,-0.014277882539699506,-0.0047072674089223545,-0.00559625792941869,-0.00849911072834555,-0.009268195524427723,-0.011760425008385055,-0.007970588028870828,-0.0118002950363719,-0.016306387827940937,1.0,100.0,100.0,100.0,100.0,100.0,100.0,100.0,100.0,100.0,100.0,100.0,100.0,100.0,100.0,100.0,100.0,0.0,0.0,0.0,4.0,0.04468718840804703,0.038626069397039,-0.10289057149165425,1.0,0.0,0.0,60.0,0.0,0.0,0.0,1.0,1.0,0.0,0.0,0.0,,0.0,,0.0,,-1.0,0.0,0.0,0.0,0.0,1.0,0.0,0.0,0.0,0.0,,0.0,,926.7798112715402,0.0,926.7798112715402,1.0,,,36.0,36.0,,,2.0,2.0,300.0,300.0,2.0,2.0,,,,,1.0,1.0,15.0,15.0
958.1460492783252,6000.0,60.35425969999051,49.0,4.0,0.0,518.0,41,0.0,2633.6646082058123,2631.128751632974,-0.06142503910573064,-0.14348366373315002,-0.06606977708831609,0.5858457053202694,-0.4543185891455366,6.0,1.0,51.0,38.0,38.0,44.0,86.0,37.0,1.0,0.0,6.0,0.0,0.0,2126.3180668067257,0.0,2.876808830459595,2126.3180668067257,2129.194875637185,0.0,2126.3180668067257,0.0,2.925602381540557,2126.3180668067257,2129.2436691882663,0.0,2126.3180668067257,0.0,0.09821961276702496,2126.3180668067257,2126.416286419493,0.0,2126.3180668067257,0.0,0.07687689328759006,2126.3180668067257,2126.394943700013,0.0,-0.0020585674909796596,-0.0018802031158115778,0.0005134291015567291,-0.0002535488159541543,1.0,1500.0,1500.0,1500.0,1500.0,,,0.0,-0.004989612085601891,-0.005910460483285363,-0.008968726652498125,-0.009666778851800829,-0.013120191853067632,-0.005487606131193878,-0.010254119272280525,-0.014754197379439659,-0.004671884400517001,-0.005538758594751237,-0.008453508235171549,-0.009305719984912742,-0.012354022131459707,-0.0066640912373165054,-0.011483708957128158,-0.01614179205491091,1.0,100.0,100.0,100.0,100.0,100.0,100.0,100.0,100.0,100.0,100.0,100.0,100.0,100.0,100.0,100.0,100.0,0.0,4.0,4.0,1.0,-0.016961675559089902,-0.020596615316669425,-0.04408994113492212,1.0,90.0,60.0,15.0,0.0,0.0,0.0,1.0,1.0,0.0,0.0,0.0,,0.0,,0.0,,-1.0,0.0,0.0,0.0,0.0,1.0,0.0,0.0,0.0,0.0,,0.0,,958.1460492783252,0.0,958.1460492783252,1.0,,,36.0,36.0,,,2.0,2.0,300.0,300.0,2.0,2.0,,,,,1.0,1.0,15.0,15.0
949.9201503380502,6000.0,47.37837930000387,49.0,4.0,0.0,506.0,42,0.0,2563.610814339143,2544.1174494121924,-0.06581324316135806,-0.20838350190664556,-0.2386864573498831,1.0639592940828304,-0.2967953959914856,6.0,1.0,51.0,44.0,32.0,38.0,92.0,38.0,1.0,0.0,6.0,0.0,0.0,2049.282381070218,0.0,2.817248484972879,2049.282381070218,2052.099629555191,0.0,2049.282381070218,0.0,2.9549342320815413,2049.282381070218,2052.237315302299,0.0,2049.282381070218,0.0,0.2878429410948229,2049.282381070218,2049.5702240113123,0.0,2049.282381070218,0.0,0.008044893023907207,2049.282381070218,2049.290425963242,0.0,-0.0018661626471820842,-0.001954678671412821,-8.990294773730302e-05,-2.681631007969069e-05,1.0,1500.0,1500.0,1500.0,1500.0,,,0.0,-0.004861028962286972,-0.005836578591420505,-0.00899238923286916,-0.009748657792342285,-0.013924608219230094,-0.0034546210841028824,-0.009183212939309194,-0.01393558778673487,-0.004824124644802196,-0.0057853481140426755,-0.008892002649569441,-0.009754513390960009,-0.013269623228719852,-0.006849577104493854,-0.01197079637089864,-0.016781188284547888,1.0,100.0,100.0,100.0,100.0,100.0,100.0,100.0,100.0,100.0,100.0,100.0,100.0,100.0,100.0,100.0,100.0,0.0,0.0,0.0,4.0,0.05142163541608322,0.0172138493656585,0.0012422816603399646,1.0,0.0,0.0,30.0,0.0,0.0,0.0,1.0,1.0,0.0,0.0,0.0,,0.0,,0.0,,-1.0,0.0,0.0,0.0,0.0,1.0,0.0,0.0,0.0,0.0,,0.0,,949.9201503380502,0.0,949.9201503380502,1.0,,,36.0,36.0,,,2.0,2.0,300.0,300.0,2.0,2.0,,,,,1.0,1.0,15.0,15.0
951.6072943750455,6000.0,46.6285372999846,49.0,4.0,0.0,531.0,43,0.0,2444.9982933495667,2418.296576549295,-0.038042218418631535,-0.024512149210022947,-0.09048713846379286,1.0000551729370646,0.046295653567526074,6.0,1.0,51.0,50.0,32.0,32.0,92.0,39.0,1.0,0.0,6.0,0.0,0.0,1971.1188382768544,0.0,2.828012294335622,1971.1188382768544,1973.9468505711898,0.0,1971.1188382768544,0.0,2.9718995909697696,1971.1188382768544,1974.0907378678241,0.0,1971.1188382768544,0.0,0.20638206423564043,1971.1188382768544,1971.3252203410902,0.0,1971.1188382768544,0.0,0.006216402166955959,1971.1188382768544,1971.125054679021,0.0,-0.0019992444657017687,-0.0020110447773819835,0.001853211448741495,-2.072134055576195e-05,1.0,1500.0,1500.0,1500.0,1500.0,,,0.0,-0.004980508753725133,-0.005908488796646871,-0.008934724717291507,-0.009530225533313084,-0.012759108220937242,-0.006071960178305779,-0.010435071749353675,-0.014794296345140269,-0.005035646045743648,-0.0060380467373207115,-0.009285633608094023,-0.0102024374181779,-0.013715897358673068,-0.007024927262507672,-0.01217898162735267,-0.01701790425577716,1.0,100.0,100.0,100.0,100.0,100.0,100.0,100.0,100.0,100.0,100.0,100.0,100.0,100.0,100.0,100.0,100.0,0.0,4.0,4.0,4.0,-0.04264875597466187,-0.001147598725791947,-0.0034852988270102914,1.0,90.0,60.0,60.0,0.0,0.0,0.0,1.0,1.0,0.0,0.0,0.0,,0.0,,0.0,,-1.0,0.0,0.0,0.0,0.0,1.0,0.0,0.0,0.0,0.0,,0.0,,951.6072943750455,0.0,951.6072943750455,1.0,,,36.0,36.0,,,2.0,2.0,300.0,300.0,2.0,2.0,,,,,1.0,1.0,15.0,15.0
935.3269182707131,6000.0,47.91960309998831,49.0,4.0,0.0,523.0,44,0.0,2286.3650638080635,2263.3682798491973,-0.11506813208211972,0.03707937338079622,0.03251945490240379,0.8911672651126304,0.4632273182368275,6.0,1.0,51.0,50.0,32.0,26.0,92.0,40.0,1.0,0.0,6.0,0.0,0.0,1893.2478080421968,0.0,2.599235181417953,1893.2478080421968,1895.847043223615,0.0,1893.2478080421968,0.0,2.6564334399513427,1893.2478080421968,1895.9042414821479,0.0,1893.2478080421968,0.0,0.2864846240031511,1893.2478080421968,1893.5342926662,0.0,1893.2478080421968,0.0,0.004590580243075237,1893.2478080421968,1893.2523986224396,0.0,-0.0010748025364507897,-0.0009591138284273867,-0.0009549487466771703,-1.530193414282621e-05,1.0,1500.0,1500.0,1500.0,1500.0,,,0.0,-0.003928607645099724,-0.004681084449835638,-0.0073938995720780575,-0.008141372549837022,-0.011340561963455544,-0.006281794225322378,-0.01048170707517837,-0.015031098117536602,-0.004089161471327606,-0.004941662792450607,-0.007869906381898594,-0.009157843819375878,-0.013149697469121691,-0.007060172495573978,-0.012237973307479066,-0.017125410405309086,1.0,100.0,100.0,100.0,100.0,100.0,100.0,100.0,100.0,100.0,100.0,100.0,100.0,100.0,100.0,100.0,100.0,0.0,4.0,2.0,4.0,0.057538526853921704,-0.029888839425929823,0.010388785296280881,1.0,0.0,30.0,60.0,0.0,0.0,0.0,1.0,1.0,0.0,0.0,0.0,,0.0,,0.0,,-1.0,0.0,0.0,0.0,0.0,1.0,0.0,0.0,0.0,0.0,,0.0,,935.3269182707131,0.0,935.3269182707131,1.0,,,36.0,36.0,,,2.0,2.0,300.0,300.0,2.0,2.0,,,,,1.0,1.0,15.0,15.0
909.8530293063997,6000.0,49.164552800008096,49.0,4.0,0.0,531.0,45,0.0,2145.2444138323235,2133.1476794333366,-0.11262901859592962,-0.04147593334191176,-0.018770397759870626,0.5791058933620642,0.6766082657409397,6.0,1.0,51.0,50.0,32.0,20.0,86.0,41.0,1.0,0.0,6.0,0.0,0.0,1811.9023139186343,0.0,2.6359527262306983,1811.9023139186343,1814.538266644865,0.0,1811.9023139186343,0.0,1.9032682429042325,1811.9023139186343,1813.8055821615385,0.0,1811.9023139186343,0.0,0.16414349164779196,1811.9023139186343,1812.066457410282,0.0,1811.9023139186343,0.0,0.016479789159348,1811.9023139186343,1811.9187937077938,0.0,-0.0009306278324113983,0.0015508120450321884,-0.0005435592051722911,-5.493263053191792e-05,1.0,1500.0,1500.0,1500.0,1500.0,,,0.0,-0.0040488379598091475,-0.004881413769142284,-0.0076323479090742545,-0.008444052758831509,-0.012345625892933577,-0.004769735130052232,-0.010232195360689644,-0.015154550072441531,-0.0038893653322498176,-0.004506649822065078,-0.006436364241016967,-0.008397127862831866,-0.011778199011568093,-0.007386450728228057,-0.012093206180563953,-0.016705383477935952,1.0,100.0,100.0,100.0,100.0,100.0,100.0,100.0,100.0,100.0,100.0,100.0,100.0,100.0,100.0,100.0,100.0,0.0,4.0,4.0,4.0,-0.028703272137281032,0.056670464401136655,0.025424265559382774,1.0,90.0,60.0,60.0,0.0,0.0,0.0,1.0,1.0,0.0,0.0,0.0,,0.0,,0.0,,-1.0,0.0,0.0,0.0,0.0,1.0,0.0,0.0,0.0,0.0,,0.0,,909.8530293063997,0.0,909.8530293063997,1.0,,,36.0,36.0,,,2.0,2.0,300.0,300.0,2.0,2.0,,,,,1.0,1.0,15.0,15.0
896.5476382030146,6000.0,46.75810670002829,49.0,4.0,0.0,513.0,46,0.0,2017.7107926633748,2007.9913556469,-0.13907231236537618,-0.10345826984784878,-0.03116165321641519,0.577094201868751,0.5811739841275656,6.0,1.0,51.0,50.0,32.0,20.0,80.0,42.0,1.0,0.0,6.0,0.0,0.0,1736.6569231140668,0.0,2.6112058818912374,1736.6569231140668,1739.2681289959583,0.0,1736.6569231140668,0.0,1.2172811215327783,1736.6569231140668,1737.8742042355998,0.0,1736.6569231140668,0.0,0.20142357167924274,1736.6569231140668,1736.8583466857458,0.0,1736.6569231140668,0.0,0.03606341099794008,1736.6569231140668,1736.6929865250645,0.0,-0.00083203347178319,-0.0007824678403149637,-0.0006714119055967179,-0.00012021136999237569,1.0,1500.0,1500.0,1500.0,1500.0,,,0.0,-0.0039007028513069033,-0.004507935228178184,-0.006977250927419298,-0.007796891042251453,-0.011509945338112535,-0.005493068142699365,-0.010728611315991364,-0.015605114875551962,-0.0038568055018217244,-0.004397127400274759,-0.006430993909119831,-0.008570966040817394,-0.01180606580685284,-0.00911112623969439,-0.013022619243027212,-0.017058620618071438,1.0,100.0,100.0,100.0,100.0,100.0,100.0,100.0,100.0,100.0,100.0,100.0,100.0,100.0,100.0,100.0,100.0,0.0,4.0,4.0,4.0,-0.053574431006168766,0.07573417077844245,0.02704162502423818,1.0,90.0,60.0,60.0,0.0,0.0,0.0,1.0,1.0,0.0,0.0,0.0,,0.0,,0.0,,-1.0,0.0,0.0,0.0,0.0,1.0,0.0,0.0,0.0,0.0,,0.0,,896.5476382030146,0.0,896.5476382030146,1.0,,,36.0,36.0,,,2.0,2.0,300.0,300.0,2.0,2.0,,,,,1.0,1.0,15.0,15.0
874.8463866396899,6000.0,47.1430859999964,49.0,4.0,0.0,518.0,47,0.0,1896.763294381626,1882.438747792717,-0.11228700970906166,-0.12321377706334147,-0.05339367090844149,0.4748258530646984,0.6555769358177972,6.0,1.0,51.0,50.0,38.0,20.0,74.0,43.0,1.0,0.0,6.0,0.0,0.0,1666.0618839698159,0.0,2.290326785348043,1666.0618839698159,1668.3522107551637,0.0,1666.0618839698159,0.0,0.5828573931858045,1666.0618839698159,1666.6447413630017,0.0,1666.0618839698159,0.0,0.03279815564656019,1666.0618839698159,1666.0946821254622,0.0,1666.0618839698159,0.0,0.017298521644988796,1666.0618839698159,1666.079182491461,0.0,0.0002464890629342289,-0.0008505652699114978,-0.0001074203818287008,-5.766173881738723e-05,1.0,1500.0,1500.0,1500.0,1500.0,,,0.0,-0.004174741496496814,-0.004746836607802152,-0.006718228950582807,-0.007722634582920485,-0.010619147878322544,-0.007093393826653126,-0.011419868604908956,-0.01591451993642394,-0.004122374740178002,-0.004751451301190723,-0.006671191776321094,-0.009060255667731453,-0.011722680210864577,-0.010841885798992212,-0.013822757837957412,-0.01706992363531299,1.0,100.0,100.0,100.0,100.0,100.0,100.0,100.0,100.0,100.0,100.0,100.0,100.0,100.0,100.0,100.0,100.0,0.0,4.0,4.0,4.0,-0.018937878556902394,0.06653170891493308,0.022013445877331606,1.0,90.0,60.0,60.0,0.0,0.0,0.0,1.0,1.0,0.0,0.0,0.0,,0.0,,0.0,,-1.0,0.0,0.0,0.0,0.0,1.0,0.0,0.0,0.0,0.0,,0.0,,874.8463866396899,0.0,874.8463866396899,1.0,,,36.0,36.0,,,2.0,2.0,300.0,300.0,2.0,2.0,,,,,1.0,1.0,15.0,15.0
843.1610686121458,6000.0,46.090016500034835,49.0,4.0,0.0,512.0,48,0.0,1784.2695876996927,1771.1648897617017,-0.1299836983814989,-0.11007750968966216,-0.0943135322368131,0.40931113160925037,0.5405560464668635,6.0,1.0,51.0,50.0,44.0,20.0,68.0,44.0,1.0,0.0,6.0,0.0,0.0,1602.3246196908547,0.0,1.6632921398422695,1602.3246196908547,1603.987911830697,0.0,1602.3246196908547,0.0,0.03375234371787883,1602.3246196908547,1602.3583720345725,0.0,1602.3246196908547,0.0,0.014405464931314782,1602.3246196908547,1602.3390251557862,0.0,1602.3246196908547,0.0,0.014072561124521599,1602.3246196908547,1602.3386922519792,0.0,0.002187329853310569,-9.943347283088025e-05,-4.801821643847385e-05,-4.690853708173866e-05,1.0,1500.0,1500.0,1500.0,1500.0,,,0.0,-0.003982065778198596,-0.004337080217431933,-0.005667154814158339,-0.007311921032247072,-0.009776724907654534,-0.008184820404163063,-0.011770745811221417,-0.015784644391004042,-0.004127981506634803,-0.004720976407728016,-0.006625621369907808,-0.009373787540154142,-0.011718529269464817,-0.01218503195002958,-0.014516550610681644,-0.017111696638025184,1.0,100.0,100.0,100.0,100.0,100.0,100.0,100.0,100.0,100.0,100.0,100.0,100.0,100.0,100.0,100.0,100.0,0.0,4.0,4.0,3.0,0.05333547643025819,-0.0003878426757504879,-0.031581403388824474,1.0,0.0,60.0,45.0,0.0,0.0,0.0,1.0,1.0,0.0,0.0,0.0,,0.0,,0.0,,-1.0,0.0,0.0,0.0,0.0,1.0,0.0,0.0,0.0,0.0,,0.0,,843.1610686121458,0.0,843.1610686121458,1.0,,,36.0,36.0,,,2.0,2.0,300.0,300.0,2.0,2.0,,,,,1.0,1.0,15.0,15.0
868.2613178558657,6000.0,48.99087690003216,49.0,4.0,0.0,543.0,49,0.0,1684.2362625982068,1680.9929737763543,-0.10226858278703806,-0.14742574174689338,-0.1428801388638424,0.3535810627179193,0.23689413711802842,6.0,1.0,51.0,56.0,50.0,20.0,62.0,45.0,1.0,0.0,6.0,0.0,0.0,1546.9934075736094,0.0,0.8664310326416853,1546.9934075736094,1547.8598386062513,0.0,1546.9934075736094,0.0,0.005188259390251915,1546.9934075736094,1546.9985958329994,0.0,1546.9934075736094,0.0,0.011693576827838115,1546.9934075736094,1547.005101150437,0.0,1546.9934075736094,0.0,0.012049073871821747,1546.9934075736094,1547.0054566474812,0.0,-0.00043741936717235424,-1.729419796674847e-05,-3.8978589425369134e-05,-4.0163579572739154e-05,1.0,1500.0,1500.0,1500.0,1500.0,,,0.0,-0.003978738077985522,-0.004516152672816442,-0.00615581967137304,-0.007876740928382642,-0.010304950726781479,-0.009539264242846903,-0.01267519505871064,-0.016162816368026522,-0.003994075398668918,-0.004581747250739677,-0.006304839328154443,-0.008950900416580197,-0.011218404354679332,-0.012514848877126195,-0.01460145911470434,-0.016911297476142194,1.0,100.0,100.0,100.0,100.0,100.0,100.0,100.0,100.0,100.0,100.0,100.0,100.0,100.0,100.0,100.0,100.0,0.0,4.0,4.0,4.0,-0.013502851440709188,-0.00036720812351518327,0.03717630019314602,1.0,90.0,60.0,60.0,0.0,0.0,0.0,1.0,1.0,0.0,0.0,0.0,,0.0,,0.0,,-1.0,0.0,0.0,0.0,0.0,1.0,0.0,0.0,0.0,0.0,,0.0,,868.2613178558657,0.0,868.2613178558657,1.0,,,36.0,36.0,,,2.0,2.0,300.0,300.0,2.0,2.0,,,,,1.0,1.0,15.0,15.0
840.3378723532176,6000.0,70.80874219996622,75.0,9.0,0.0,558.0,50,0.0,1623.5191243236309,1613.4651073192126,-0.12622553450841661,-0.1839788493784648,-0.1039001974778202,0.3987102525506548,0.0632846761114377,6.0,1.0,51.0,62.0,56.0,26.0,56.0,46.0,1.0,0.0,6.0,0.0,0.0,1500.501691258868,0.0,0.450597651991302,1500.501691258868,1500.9522889108594,0.0,1500.501691258868,0.0,0.008131917787068232,1500.501691258868,1500.5098231766553,0.0,1500.501691258868,0.0,0.027768100942921592,1500.501691258868,1500.529459359811,0.0,1500.501691258868,0.0,0.02958284079659279,1500.501691258868,1500.5312740996646,0.0,-0.0009667395993864444,-2.7106392624318688e-05,-9.256033647640531e-05,-9.860946932197597e-05,1.0,1500.0,1500.0,1500.0,1500.0,,,0.0,-0.0044493919188782986,-0.0047469463004594205,-0.005902818696907098,-0.007681830043428038,-0.010401281454656353,-0.010056136774763313,-0.013004642982182534,-0.0162137157831042,-0.0043869570013528765,-0.004734475224563538,-0.006099522154947223,-0.008362583841849335,-0.010921122817842566,-0.011910472701611498,-0.014221888505009073,-0.016668744112429933,1.0,100.0,100.0,100.0,100.0,100.0,100.0,100.0,100.0,100.0,100.0,100.0,100.0,100.0,100.0,100.0,100.0,0.0,4.0,0.0,4.0,0.047455512067227805,0.026940614935303607,-0.09045774129708188,1.0,0.0,0.0,30.0,0.0,0.0,0.0,1.0,1.0,0.0,0.0,0.0,,0.0,,0.0,,-1.0,0.0,0.0,0.0,0.0,1.0,0.0,0.0,0.0,0.0,,0.0,,840.3378723532176,0.0,840.3378723532176,1.0,,,36.0,36.0,,,2.0,2.0,300.0,300.0,2.0,2.0,,,,,1.0,1.0,15.0,15.0
874.6044176401437,6000.0,48.795426499971654,49.0,4.0,0.0,542.0,51,0.0,1555.0801404882604,1549.3788276359842,-0.10523040967257913,-0.18636214056525327,-0.08814672324359663,0.3551446752927833,-0.049327904878927825,6.0,1.0,51.0,68.0,62.0,26.0,50.0,47.0,1.0,0.0,6.0,0.0,0.0,1461.9473267671997,0.0,0.00446296195832474,1461.9473267671997,1461.951789729158,0.0,1461.9473267671997,0.0,0.004468460712814704,1461.9473267671997,1461.9517952279127,0.0,1461.9473267671997,0.0,0.007616578888701042,1461.9473267671997,1461.9549433460886,0.0,1461.9473267671997,0.0,0.006897485845001938,1461.9473267671997,1461.9542242530445,0.0,-1.4876539861082468e-05,-1.489486904347359e-05,-2.5388596296428052e-05,-2.299161948258188e-05,1.0,1500.0,1500.0,1500.0,1500.0,,,0.0,-0.004178099295594339,-0.004611022524843645,-0.006047961183795624,-0.008234648645958575,-0.010453664631751281,-0.0118345494589021,-0.013967136910568369,-0.016521146039824422,-0.004061576130462364,-0.004575513589592362,-0.006107759974750326,-0.008493209539388149,-0.010701128775316348,-0.012316276444054976,-0.014192963577509498,-0.01647738593510173,1.0,100.0,100.0,100.0,100.0,100.0,100.0,100.0,100.0,100.0,100.0,100.0,100.0,100.0,100.0,100.0,100.0,0.0,4.0,4.0,4.0,0.033664951595947436,0.03052144295005803,0.011768497744078371,1.0,0.0,0.0,60.0,0.0,0.0,0.0,1.0,1.0,0.0,0.0,0.0,,0.0,,0.0,,-1.0,0.0,0.0,0.0,0.0,1.0,0.0,0.0,0.0,0.0,,0.0,,874.6044176401437,0.0,874.6044176401437,1.0,,,36.0,36.0,,,2.0,2.0,300.0,300.0,2.0,2.0,,,,,1.0,1.0,15.0,15.0
831.1805103071581,6000.0,48.564720000023954,49.0,4.0,0.0,524.0,52,0.0,1510.7704073682576,1510.5906244441903,-0.1195466440543574,-0.20909053838683414,-0.0855971735687954,0.2533194845121625,-0.0510629971026179,6.0,1.0,51.0,74.0,68.0,26.0,50.0,48.0,1.0,0.0,6.0,0.0,0.0,1429.7510213822636,0.0,0.00786778747851713,1429.7510213822636,1429.7588891697424,0.0,1429.7510213822636,0.0,0.007738179721854976,1429.7510213822636,1429.7587595619855,0.0,1429.7510213822636,0.0,0.01580288649574868,1429.7510213822636,1429.7668242687594,0.0,1429.7510213822636,0.0,0.01374934685190965,1429.7510213822636,1429.7647707291155,0.0,-2.6225958262481678e-05,-2.5793932406183254e-05,-5.267628831916227e-05,-4.5831156173032164e-05,1.0,1500.0,1500.0,1500.0,1500.0,,,0.0,-0.004447489608696564,-0.0048627776528967995,-0.006464086882019338,-0.008727287081630043,-0.010944199837570067,-0.011942290990244065,-0.01412654082191791,-0.01662058359727405,-0.004260002954975661,-0.004686631894795391,-0.00626755300304831,-0.008577536862193914,-0.010739002785396147,-0.012097886803465175,-0.014050565180625176,-0.016331007690844057,1.0,100.0,100.0,100.0,100.0,100.0,100.0,100.0,100.0,100.0,100.0,100.0,100.0,100.0,100.0,100.0,100.0,0.0,4.0,0.0,0.0,0.045170564429043714,0.04784689707659501,0.02629246702828804,1.0,0.0,0.0,0.0,0.0,0.0,0.0,1.0,1.0,0.0,0.0,0.0,,0.0,,0.0,,-1.0,0.0,0.0,0.0,0.0,1.0,0.0,0.0,0.0,0.0,,0.0,,831.1805103071581,0.0,831.1805103071581,1.0,,,36.0,36.0,,,2.0,2.0,300.0,300.0,2.0,2.0,,,,,1.0,1.0,15.0,15.0
901.6666792072558,6000.0,50.604064400016796,49.0,4.0,0.0,528.0,53,0.0,1468.6758056393257,1467.309935666835,-0.1320084011777804,-0.20107924475180283,-0.04627474553399935,0.3358617121297402,-0.13031181178457865,6.0,1.0,51.0,80.0,74.0,32.0,50.0,49.0,1.0,0.0,6.0,0.0,0.0,1400.572020326347,0.0,0.010288816594311356,1400.572020326347,1400.582309142941,0.0,1400.572020326347,0.0,0.00987709498804179,1400.572020326347,1400.581897421335,0.0,1400.572020326347,0.0,0.007744526836631849,1400.572020326347,1400.5797648531839,0.0,1400.572020326347,0.0,0.00675932238527821,1400.572020326347,1400.5787796487323,0.0,-3.429605531361327e-05,-3.29236499601393e-05,-2.5815089456197406e-05,-2.2531074617594033e-05,1.0,1500.0,1500.0,1500.0,1500.0,,,0.0,-0.00437232465708739,-0.004820986509859093,-0.006326787919235333,-0.008513161616876453,-0.010992502504728741,-0.012344730901059274,-0.01455153221549512,-0.017070785816551214,-0.004188152647254384,-0.004646313029185478,-0.006135790381242234,-0.008380305576113934,-0.010787691858120852,-0.012525973898909458,-0.014491020185222681,-0.01680017107388192,1.0,100.0,100.0,100.0,100.0,100.0,100.0,100.0,100.0,100.0,100.0,100.0,100.0,100.0,100.0,100.0,100.0,0.0,0.0,0.0,4.0,0.014471949879661376,0.016797537118672306,-0.02036740282325506,1.0,0.0,0.0,60.0,0.0,0.0,0.0,1.0,1.0,0.0,0.0,0.0,,0.0,,0.0,,-1.0,0.0,0.0,0.0,0.0,1.0,0.0,0.0,0.0,0.0,,0.0,,901.6666792072558,0.0,901.6666792072558,1.0,,,36.0,36.0,,,2.0,2.0,300.0,300.0,2.0,2.0,,,,,1.0,1.0,15.0,15.0
890.4715757765471,6000.0,52.9113345000078,49.0,4.0,0.0,573.0,54,0.0,1442.1372972452923,1435.8306811327,-0.13303215239811078,-0.15180531415083465,-0.027972710775548165,0.36375975426359136,-0.13461463830063755,6.0,1.0,51.0,86.0,80.0,38.0,50.0,50.0,1.0,0.0,6.0,0.0,0.0,1373.1900907891418,0.0,0.030899612580469693,1373.1900907891418,1373.2209904017222,0.0,1373.1900907891418,0.0,0.03014334989438794,1373.1900907891418,1373.2202341390362,0.0,1373.1900907891418,0.0,0.01947849710177252,1373.1900907891418,1373.2095692862433,0.0,1373.1900907891418,0.0,0.01760420241225802,1373.1900907891418,1373.2076949915538,0.0,-0.00010299870860156564,-0.00010047783298129313,-6.492832367181714e-05,-5.8680674706768815e-05,1.0,1500.0,1500.0,1500.0,1500.0,,,0.0,-0.004292076051615456,-0.0048648663747179015,-0.006653522316998917,-0.008685148413618738,-0.011197503323983416,-0.011768924387865809,-0.014388926655678437,-0.01724645209710509,-0.004114220786014133,-0.004692418058298565,-0.006460529184706498,-0.008596477140924286,-0.011071238225562753,-0.012059367760514039,-0.01442245055439111,-0.017072983112728222,1.0,100.0,100.0,100.0,100.0,100.0,100.0,100.0,100.0,100.0,100.0,100.0,100.0,100.0,100.0,100.0,100.0,0.0,4.0,0.0,4.0,0.037318619021173546,0.04928028056219394,0.05367129938288145,1.0,0.0,0.0,0.0,0.0,0.0,0.0,1.0,1.0,0.0,0.0,0.0,,0.0,,0.0,,-1.0,0.0,0.0,0.0,0.0,1.0,0.0,0.0,0.0,0.0,,0.0,,890.4715757765471,0.0,890.4715757765471,1.0,,,36.0,36.0,,,2.0,2.0,300.0,300.0,2.0,2.0,,,,,1.0,1.0,15.0,15.0
941.396100685406,6000.0,49.555911500006914,49.0,4.0,0.0,548.0,55,0.0,1398.9903572586386,1398.823659612719,-0.16729410385267585,-0.029621749538736232,-0.055050793229059536,0.2934869147728433,-0.1048394582197479,6.0,1.0,51.0,92.0,86.0,38.0,50.0,51.0,1.0,0.0,6.0,0.0,0.0,1347.9743431767342,0.0,0.016366908923373558,1347.9743431767342,1347.9907100856576,0.0,1347.9743431767342,0.0,0.015735415368908434,1347.9743431767342,1347.9900785921034,0.0,1347.9743431767342,0.0,0.010129113863968087,1347.9743431767342,1347.9844722905982,0.0,1347.9743431767342,0.0,0.009097372426367656,1347.9743431767342,1347.9834405491608,0.0,-5.4556363077911856e-05,-5.2451384563786024e-05,-3.376371287989362e-05,-3.0324574755316765e-05,1.0,1500.0,1500.0,1500.0,1500.0,,,0.0,-0.004417029058168608,-0.004896183610105531,-0.006508610168276796,-0.008547639626860271,-0.011162101218321483,-0.012082915025536335,-0.014589310784908703,-0.017379945463051792,-0.00423235549304577,-0.004720216789191411,-0.006315014740512038,-0.008443665560296142,-0.011019464623287598,-0.012344074632062442,-0.014613383349422726,-0.017191435989675166,1.0,100.0,100.0,100.0,100.0,100.0,100.0,100.0,100.0,100.0,100.0,100.0,100.0,100.0,100.0,100.0,100.0,0.0,0.0,4.0,4.0,-0.0040226609357735775,0.015800348576214183,0.038376827561469894,1.0,0.0,30.0,0.0,0.0,0.0,0.0,1.0,1.0,0.0,0.0,0.0,,0.0,,0.0,,-1.0,0.0,0.0,0.0,0.0,1.0,0.0,0.0,0.0,0.0,,0.0,,941.396100685406,0.0,941.396100685406,1.0,,,36.0,36.0,,,2.0,2.0,300.0,300.0,2.0,2.0,,,,,1.0,1.0,15.0,15.0
0.0,0.0,47.57993669999996,0.0,0.0,0.0,340.0,56,1.0,1379.1577945836216,1382.3080488887047,,,,,,,,,,,,,,,,,,,,,,,,,,,,,,,,,,,,,,,,,,,,,,,,,,,,,,,,,,,,,,,,,,,,,,,,,,,,,,,,,,,,,,,,,,,,,,,,,,,,,,1.0,1.0,0.0,0.0,0.0,,0.0,,0.0,,-1.0,0.0,0.0,0.0,0.0,1.0,0.0,0.0,0.0,0.0,,0.0,,856.3929420057495,0.0,856.3929420057495,,,,,,,,,,,,,,,,,,,,,
0.0,0.0,57.430488599988166,0.0,0.0,0.0,340.0,57,1.0,1356.9388188686278,1357.1712726863293,,,,,,,,,,,,,,,,,,,,,,,,,,,,,,,,,,,,,,,,,,,,,,,,,,,,,,,,,,,,,,,,,,,,,,,,,,,,,,,,,,,,,,,,,,,,,,,,,,,,,,1.0,1.0,0.0,0.0,0.0,,0.0,,0.0,,-1.0,0.0,0.0,0.0,0.0,1.0,0.0,0.0,0.0,0.0,,0.0,,845.3014219461011,0.0,845.3014219461011,,,,,,,,,,,,,,,,,,,,,
0.0,0.0,48.45951329998206,0.0,0.0,0.0,355.0,58,1.0,1339.3432036401716,1339.5195954786159,,,,,,,,,,,,,,,,,,,,,,,,,,,,,,,,,,,,,,,,,,,,,,,,,,,,,,,,,,,,,,,,,,,,,,,,,,,,,,,,,,,,,,,,,,,,,,,,,,,,,,1.0,1.0,0.0,0.0,0.0,,0.0,,0.0,,-1.0,0.0,0.0,0.0,0.0,1.0,0.0,0.0,0.0,0.0,,0.0,,781.1162326343197,0.0,781.1162326343197,,,,,,,,,,,,,,,,,,,,,
0.0,0.0,50.267416600021534,0.0,0.0,0.0,359.0,59,1.0,1288.8605199865701,1289.5512230874147,,,,,,,,,,,,,,,,,,,,,,,,,,,,,,,,,,,,,,,,,,,,,,,,,,,,,,,,,,,,,,,,,,,,,,,,,,,,,,,,,,,,,,,,,,,,,,,,,,,,,,1.0,1.0,0.0,0.0,0.0,,0.0,,0.0,,-1.0,0.0,0.0,0.0,0.0,1.0,0.0,0.0,0.0,0.0,,0.0,,788.2856293411903,0.0,788.2856293411903,,,,,,,,,,,,,,,,,,,,,
765.6586382084831,6000.0,68.85300770000322,75.0,9.0,0.0,499.0,60,0.0,1220.8248541575508,1211.1913986607656,0.6343876452017744,0.1851449411989468,-0.06922944657852764,-1.56057718569072,-0.5221590008741568,6.0,1.0,46.0,74.0,92.0,62.0,35.0,56.0,1.0,0.0,6.0,0.0,0.0,1174.953809602066,0.0,0.36847087427349834,1174.953809602066,1175.3222804763395,0.0,1174.953809602066,0.0,0.3653501847838925,1174.953809602066,1175.3191597868497,0.0,1174.953809602066,0.0,0.09723970447112151,1174.953809602066,1175.0510493065372,0.0,1174.953809602066,0.0,0.09448104566490656,1174.953809602066,1175.048290647731,0.0,-0.0012282362475783278,-0.0012178339492788836,-0.0003241323482370717,-0.00031493681888302187,1.0,1500.0,1500.0,1500.0,1500.0,,,0.0,-0.004333557089701933,-0.004999857171353384,-0.007249905802965894,-0.009027532016778217,-0.010670625732643126,-0.011145123745851483,-0.013637202030387742,-0.016905048633798093,-0.004151212220905886,-0.0048385748042163,-0.007107173116687982,-0.009084530236904788,-0.010871848317782807,-0.011332906374464536,-0.013734988373647637,-0.016836198653226917,1.0,100.0,100.0,100.0,100.0,100.0,100.0,100.0,100.0,100.0,100.0,100.0,100.0,100.0,100.0,100.0,100.0,0.0,4.0,4.0,4.0,0.17894645449209368,-0.10985739795514415,-0.07028172339420849,1.0,90.0,90.0,30.0,0.0,0.0,0.0,1.0,1.0,0.0,0.0,0.0,,0.0,,0.0,,-1.0,0.0,0.0,0.0,0.0,1.0,0.0,0.0,0.0,0.0,,0.0,,765.6586382084831,0.0,765.6586382084831,1.0,,,36.0,36.0,,,2.0,2.0,300.0,300.0,2.0,2.0,,,,,1.0,1.0,15.0,15.0
0.0,0.0,51.97892409999622,0.0,0.0,0.0,346.0,61,1.0,1102.5535340984477,1105.8712440937695,,,,,,,,,,,,,,,,,,,,,,,,,,,,,,,,,,,,,,,,,,,,,,,,,,,,,,,,,,,,,,,,,,,,,,,,,,,,,,,,,,,,,,,,,,,,,,,,,,,,,,1.0,1.0,0.0,0.0,0.0,,0.0,,0.0,,-1.0,0.0,0.0,0.0,0.0,1.0,0.0,0.0,0.0,0.0,,0.0,,817.9784190147933,0.0,817.9784190147933,,,,,,,,,,,,,,,,,,,,,
804.3954116252071,6000.0,55.10486799996579,49.0,4.0,0.0,490.0,62,0.0,984.4332920962736,978.5162441582547,0.6161856229958051,0.20702262225483872,0.11230392163429317,0.11775259385019124,-0.07359658702699079,6.0,1.0,38.0,68.0,92.0,74.0,41.0,58.0,1.0,0.0,6.0,0.0,0.0,1016.8938792680258,0.0,0.5399992376997034,1016.8938792680258,1017.4338785057255,0.0,1016.8938792680258,0.0,0.3529415535933822,1016.8938792680258,1017.2468208216192,0.0,1016.8938792680258,0.0,0.1308666355744208,1016.8938792680258,1017.0247459036001,0.0,1016.8938792680258,0.0,0.10591483620964937,1016.8938792680258,1016.9997941042355,0.0,-0.0017999974589990113,-0.001176471845311274,-0.0004362221185810237,-0.0003530494540325435,1.0,1500.0,1500.0,1500.0,1500.0,,,0.0,-0.005265538440633488,-0.0059670508161113744,-0.008391545996999206,-0.009392046876756412,-0.011768393621720996,-0.011388591298963748,-0.013705243151322488,-0.017341339087256546,-0.004999406282856177,-0.005699872126733751,-0.007936909598065879,-0.00935599785204291,-0.01199217483098822,-0.011872654166827614,-0.013897605525017466,-0.017230969271754847,1.0,100.0,100.0,100.0,100.0,100.0,100.0,100.0,100.0,100.0,100.0,100.0,100.0,100.0,100.0,100.0,100.0,0.0,4.0,4.0,4.0,-0.0315516181792494,0.017541912377511435,-0.09831899175343323,1.0,90.0,90.0,30.0,0.0,0.0,0.0,1.0,1.0,0.0,0.0,0.0,,0.0,,0.0,,-1.0,0.0,0.0,0.0,0.0,1.0,0.0,0.0,0.0,0.0,,0.0,,804.3954116252071,0.0,804.3954116252071,1.0,,,36.0,36.0,,,2.0,2.0,300.0,300.0,2.0,2.0,,,,,1.0,1.0,15.0,15.0
776.8819880424967,6000.0,53.11806780000916,49.0,4.0,0.0,486.0,63,0.0,867.1957998660785,866.5193372999556,0.45109341912284395,-0.08118496758197107,0.21712594559091514,0.07156759624671595,-0.006410724467728578,6.0,1.0,32.0,62.0,92.0,68.0,41.0,59.0,1.0,0.0,6.0,0.0,0.0,933.0864064096332,0.0,0.07084362299406166,933.0864064096332,933.1572500326274,0.0,933.0864064096332,0.0,0.06699085890409151,933.0864064096332,933.1533972685372,0.0,933.0864064096332,0.0,0.02198162455192687,933.0864064096332,933.1083880341853,0.0,933.0864064096332,0.0,0.016665412236534394,933.0864064096332,933.1030718218698,0.0,-0.00023084409303331555,-0.00021914093297411343,-7.327208184013519e-05,-5.5551374121781315e-05,1.0,1500.0,1500.0,1500.0,1500.0,,,0.0,-0.004287546765513551,-0.004946370402994305,-0.0070155446206382685,-0.008303699047229074,-0.010677938553123755,-0.011123799060320216,-0.01382162315785207,-0.01720471147313942,-0.004247997453741536,-0.00506366401303957,-0.007649785374360896,-0.009418874193137049,-0.01187580892660689,-0.012485610332098407,-0.01496718442087186,-0.0178918138801329,1.0,100.0,100.0,100.0,100.0,100.0,100.0,100.0,100.0,100.0,100.0,100.0,100.0,100.0,100.0,100.0,100.0,0.0,4.0,4.0,2.0,0.04346828706516704,-0.0688305286158633,-0.026467904573306573,1.0,30.0,90.0,30.0,0.0,0.0,0.0,1.0,1.0,0.0,0.0,0.0,,0.0,,0.0,,-1.0,0.0,0.0,0.0,0.0,1.0,0.0,0.0,0.0,0.0,,0.0,,776.8819880424967,0.0,776.8819880424967,1.0,,,36.0,36.0,,,2.0,2.0,300.0,300.0,2.0,2.0,,,,,1.0,1.0,15.0,15.0
0.0,0.0,53.626911200000905,0.0,0.0,0.0,327.0,64,1.0,757.7209571202305,758.4064420059512,,,,,,,,,,,,,,,,,,,,,,,,,,,,,,,,,,,,,,,,,,,,,,,,,,,,,,,,,,,,,,,,,,,,,,,,,,,,,,,,,,,,,,,,,,,,,,,,,,,,,,1.0,1.0,0.0,0.0,0.0,,0.0,,0.0,,-1.0,0.0,0.0,0.0,0.0,1.0,0.0,0.0,0.0,0.0,,0.0,,705.5726068580152,0.0,705.5726068580152,,,,,,,,,,,,,,,,,,,,,
675.9950828949802,6000.0,58.308851000037976,49.0,4.0,0.0,491.0,65,0.0,658.0226260222698,657.2974849083032,-0.18662112342581594,-0.29300368269746535,0.2806124197374575,-0.05192753546046536,-0.03301177666924962,6.0,1.0,20.0,68.0,86.0,68.0,41.0,61.0,1.0,0.0,6.0,0.0,0.0,771.8466024820565,0.0,0.38324919623914866,771.8466024820565,772.2298516782955,0.0,771.8466024820565,0.0,0.3119284560914366,771.8466024820565,772.158530938148,0.0,771.8466024820565,0.0,0.020670977837880855,771.8466024820565,771.8672734598942,0.0,771.8466024820565,0.0,0.01595151877313583,771.8466024820565,771.8625540008295,0.0,-0.0012715222803689012,-0.0010358330709807362,-6.89032594592239e-05,-5.3171729243407146e-05,1.0,1500.0,1500.0,1500.0,1500.0,,,0.0,-0.00398826422721923,-0.005139391674895765,-0.006946638428467277,-0.008391858206449497,-0.010572331379128297,-0.011322966479129535,-0.013652621523033748,-0.01684265934354636,-0.004081526161312344,-0.005494741503498357,-0.008025934105598154,-0.010248346405000854,-0.012364231757078948,-0.012903612642401275,-0.014963344249180645,-0.017583959906029723,1.0,100.0,100.0,100.0,100.0,100.0,100.0,100.0,100.0,100.0,100.0,100.0,100.0,100.0,100.0,100.0,100.0,0.0,4.0,3.0,4.0,0.008841686963433897,-0.04698646369383373,0.0029484609144655415,1.0,0.0,75.0,30.0,0.0,0.0,0.0,1.0,1.0,0.0,0.0,0.0,,0.0,,0.0,,-1.0,0.0,0.0,0.0,0.0,1.0,0.0,0.0,0.0,0.0,,0.0,,675.9950828949802,0.0,675.9950828949802,1.0,,,36.0,36.0,,,2.0,2.0,300.0,300.0,2.0,2.0,,,,,1.0,1.0,15.0,15.0
631.5960820180001,6000.0,54.963710300042294,49.0,4.0,0.0,480.0,66,0.0,570.3885039650032,568.5831181083145,-0.3816993193071525,-0.11560742876959591,0.1615512735982918,0.18073720200796384,-0.015840373249461706,6.0,1.0,20.0,74.0,80.0,74.0,36.0,62.0,1.0,0.0,6.0,0.0,0.0,700.7660800134778,0.0,0.11318116686857138,700.7660800134778,700.8792611803464,0.0,700.7660800134778,0.0,0.08315506715894116,700.7660800134778,700.8492350806368,0.0,700.7660800134778,0.0,0.007943271649537564,700.7660800134778,700.7740232851272,0.0,700.7660800134778,0.0,0.006041360539484231,700.7660800134778,700.7721213740174,0.0,-0.00037727055622857126,-0.0002771835571968495,-2.6477572164746257e-05,-2.013786846532639e-05,1.0,1500.0,1500.0,1500.0,1500.0,,,0.0,-0.004229213310598289,-0.00490409502698439,-0.007272096928142614,-0.008401200627052675,-0.010310608783261977,-0.011294240814363298,-0.013815477567429648,-0.017088678895320352,-0.0041327760946364474,-0.0048927217291410575,-0.00736038565328272,-0.010038777159650358,-0.011688453606530834,-0.012338987480846341,-0.014394425842670077,-0.016872539439985346,1.0,100.0,100.0,100.0,100.0,100.0,100.0,100.0,100.0,100.0,100.0,100.0,100.0,100.0,100.0,100.0,100.0,0.0,4.0,0.0,0.0,-0.04107309840395554,0.049203921415024374,-0.014601563832573088,1.0,0.0,0.0,0.0,0.0,0.0,0.0,1.0,1.0,0.0,0.0,0.0,,0.0,,0.0,,-1.0,0.0,0.0,0.0,0.0,1.0,0.0,0.0,0.0,0.0,,0.0,,631.5960820180001,0.0,631.5960820180001,1.0,,,36.0,36.0,,,2.0,2.0,300.0,300.0,2.0,2.0,,,,,1.0,1.0,15.0,15.0
0.0,0.0,55.631081700033974,0.0,0.0,0.0,316.0,67,1.0,470.4807605618588,470.61682150029907,,,,,,,,,,,,,,,,,,,,,,,,,,,,,,,,,,,,,,,,,,,,,,,,,,,,,,,,,,,,,,,,,,,,,,,,,,,,,,,,,,,,,,,,,,,,,,,,,,,,,,1.0,1.0,0.0,0.0,0.0,,0.0,,0.0,,-1.0,0.0,0.0,0.0,0.0,1.0,0.0,0.0,0.0,0.0,,0.0,,546.9161583623988,0.0,546.9161583623988,,,,,,,,,,,,,,,,,,,,,
430.8572009326076,5946.0896557938595,55.349864200048614,49.0,4.0,1.0,478.0,68,0.0,421.98644537022454,419.8063881754123,-0.11446010617690779,0.050670696057539544,0.07460653648466575,0.10474929752783464,-0.03437036375349134,6.0,1.0,26.0,68.0,80.0,74.0,32.0,64.0,1.0,0.0,6.0,0.0,0.0,586.466214220301,0.0,0.4778177154767036,586.466214220301,586.9440319357776,0.0,586.466214220301,0.0,0.06713298803720136,586.466214220301,586.5333472083382,0.0,586.466214220301,0.0,0.022665761885946267,586.466214220301,586.488879982187,0.0,586.466214220301,0.0,0.019157483627850524,586.466214220301,586.4853717039289,0.0,-0.0015927257182552998,-0.0002237766267906712,-7.555253961982088e-05,-6.385827875950175e-05,1.0,1500.0,1500.0,1500.0,1500.0,1.0,1.0,0.0,-0.004935669540540921,-0.005563755208382659,-0.007796069083382217,-0.008794646358882118,-0.010535921439655828,-0.01131987721895591,-0.013601417937853898,-0.016824666285422563,-0.004665903056285448,-0.005240397142582064,-0.007107360044018796,-0.009623402000679435,-0.010965688799611507,-0.011540003358606698,-0.013237699394895277,-0.015441158871225723,1.0,100.0,100.0,100.0,100.0,100.0,100.0,100.0,100.0,100.0,100.0,100.0,100.0,100.0,100.0,100.0,100.0,0.0,0.0,0.0,0.0,0.010061078138386392,0.023328929336941445,-0.0011344373709955373,1.0,0.0,0.0,0.0,0.0,0.0,0.0,1.0,1.0,0.0,1.0,646.1189887359365,430.8572009326076,304.6099939026952,430.8572009326076,430.8572009326076,430.8572009326076,1.0,1.0,0.0,0.0,0.0,1.0,0.0,0.0,0.0,430.8572009326076,430.8572009326076,0.0,430.8572009326076,430.8572009326076,430.8572009326076,0.0,1.0,2946.0896557938595,3000.0,36.0,36.0,0.0,0.3080059578008492,2.0,2.0,300.0,300.0,2.0,2.0,2946.0896557938595,3000.0,3000.0,3000.0,1.0,1.0,15.0,15.0
373.95874270824584,6000.0,68.2208443999989,49.0,4.0,0.0,508.0,69,0.0,376.466209370758,375.7508881015427,-0.10804220538269503,0.19517859378264943,0.028773662867141784,-0.041479185108907426,-0.030411002617091957,6.0,1.0,32.0,62.0,80.0,68.0,32.0,65.0,1.0,0.0,6.0,0.0,0.0,540.1168304472802,0.0,0.08312463504921652,540.1162668352983,540.2005186943113,0.0,540.1168304472802,0.0,0.012614770007758125,540.1168304472802,540.129445217288,0.0,540.1168304472802,0.0,0.004013746766531767,540.1172531467614,540.1204214945657,1.0,540.1168304472802,0.0,0.002663728872221327,540.1168304472802,540.1194941761523,0.0,-0.00025005711263640626,-4.204923335919375e-05,-9.690465466206298e-06,-8.8790962403588e-06,1.0,1473.0448278969297,1500.0,1473.0448278969297,1500.0,,,0.0,-0.004896606996870911,-0.005378580844582537,-0.007103393646128973,-0.00824803205506779,-0.009926639692229244,-0.01124126813099604,-0.013362504427843369,-0.016413306613009746,-0.004695789422707631,-0.005173006125025203,-0.0067101180344572246,-0.009037424530231196,-0.010382923140404721,-0.011631286278363982,-0.01306981671881351,-0.015027430205511118,1.0,100.0,100.0,100.0,100.0,100.0,100.0,100.0,100.0,100.0,100.0,100.0,100.0,100.0,100.0,100.0,100.0,0.0,4.0,4.0,4.0,-0.005445109321146429,0.000882395775775772,0.003425959460384813,1.0,60.0,0.0,0.0,0.0,0.0,0.0,1.0,1.0,0.0,0.0,0.0,,0.0,,0.0,,-1.0,0.0,0.0,0.0,0.0,1.0,0.0,0.0,0.0,0.0,,0.0,,373.95874270824584,0.0,373.95874270824584,1.0,,,42.0,36.0,,,2.0,2.0,300.0,300.0,2.0,2.0,,,,,1.0,1.0,15.0,15.0
310.04966896821804,6000.0,58.973294600029476,75.0,9.0,0.0,478.0,70,0.0,340.9272293215534,340.6472310883525,-0.16611269198851514,0.26844085800814926,0.03273009045754508,0.03762340075191162,0.007485990019752642,6.0,1.0,38.0,56.0,80.0,74.0,32.0,66.0,1.0,0.0,6.0,0.0,0.0,498.0373042128111,0.0,0.11499819497532826,498.0373042128111,498.15230240778646,0.0,498.0373042128111,0.0,0.0072616904243432145,498.0373042128111,498.04456590323537,0.0,498.0373042128111,0.0,0.006358454061683005,498.0373042128111,498.04366266687276,0.0,498.0373042128111,0.0,0.005361681896260961,498.0373042128111,498.0426658947074,0.0,-0.000383327316584617,-2.4205634747621238e-05,-2.1194846872276686e-05,-1.7872272987726016e-05,1.0,1500.0,1500.0,1500.0,1500.0,,,0.0,-0.004831714096446405,-0.005218844604302575,-0.006698370728857393,-0.0076396651522623316,-0.009165975233370816,-0.010265093015708172,-0.012340029841898126,-0.015377969686827163,-0.004743328880993269,-0.005185285820139151,-0.006630571269285524,-0.008849949192371562,-0.009970608730551955,-0.010749638685871686,-0.012257939484479908,-0.014268676052236274,1.0,100.0,100.0,100.0,100.0,100.0,100.0,100.0,100.0,100.0,100.0,100.0,100.0,100.0,100.0,100.0,100.0,0.0,0.0,1.0,0.0,-0.01324344859635905,0.015614160612257184,0.005748788277717409,1.0,0.0,105.0,0.0,0.0,0.0,0.0,1.0,1.0,0.0,0.0,0.0,,0.0,,0.0,,-1.0,0.0,0.0,0.0,0.0,1.0,0.0,0.0,0.0,0.0,,0.0,,310.04966896821804,0.0,310.04966896821804,1.0,,,36.0,36.0,,,2.0,2.0,300.0,300.0,2.0,2.0,,,,,1.0,1.0,15.0,15.0
323.36399697370024,6000.0,46.95065849996172,49.0,4.0,0.0,506.0,71,0.0,307.65888788395574,307.07369925026285,-0.17626257536469464,0.3029268302801267,0.0765759178886268,0.04623827092186754,-0.012055932493622162,6.0,1.0,44.0,50.0,80.0,74.0,32.0,67.0,1.0,0.0,6.0,0.0,0.0,460.3427600948777,0.0,0.08934294533526099,460.3427600948777,460.43210304021295,0.0,460.3427600948777,0.0,0.0068152980315971945,460.3427600948777,460.3495753929093,0.0,460.3427600948777,0.0,0.0026901557512246654,460.3427600948777,460.34545025062897,0.0,460.3427600948777,0.0,0.0019477583643947582,460.3427600948777,460.34470785324214,0.0,-0.00028855598807500253,-2.271766010532398e-05,-8.96718583760503e-06,-6.492527881505339e-06,1.0,1500.0,1500.0,1500.0,1500.0,,,0.0,-0.004673904625679893,-0.00485754682209043,-0.005641982936972666,-0.006938197016270031,-0.008319130812656715,-0.009763486617462826,-0.011719127310150766,-0.014631364049850947,-0.004804933895852281,-0.005286961460359584,-0.006787024554023224,-0.009183184419612722,-0.010336504786613875,-0.011447307064031697,-0.012774269724991204,-0.014564409128948963,1.0,100.0,100.0,100.0,100.0,100.0,100.0,100.0,100.0,100.0,100.0,100.0,100.0,100.0,100.0,100.0,100.0,0.0,4.0,4.0,4.0,-0.003475686141767179,0.014023670184356737,0.019510008751707865,1.0,60.0,0.0,0.0,0.0,0.0,0.0,1.0,1.0,0.0,0.0,0.0,,0.0,,0.0,,-1.0,0.0,0.0,0.0,0.0,1.0,0.0,0.0,0.0,0.0,,0.0,,323.36399697370024,0.0,323.36399697370024,1.0,,,36.0,36.0,,,2.0,2.0,300.0,300.0,2.0,2.0,,,,,1.0,1.0,15.0,15.0
346.3834077730429,6000.0,63.74541630002204,49.0,4.0,0.0,483.0,72,0.0,280.95881274721745,280.1922066601263,-0.2340672459635916,0.25122138433450775,0.08082174750901139,0.0606383272640791,-0.0029379745102180634,6.0,1.0,50.0,44.0,80.0,74.0,32.0,68.0,1.0,0.0,6.0,0.0,0.0,426.4333083129969,0.0,0.08169220909996966,426.4333083129969,426.5150005220969,0.0,426.4333083129969,0.0,0.007307623771339422,426.4333083129969,426.44061593676827,0.0,426.4333083129969,0.0,0.005126521203237644,426.4333083129969,426.4384348342002,0.0,426.4333083129969,0.0,0.0037479500579138403,426.4333083129969,426.4370562630549,0.0,-0.0002723073636665655,-2.435874590446474e-05,-1.7088404010981624e-05,-1.249316685990228e-05,1.0,1500.0,1500.0,1500.0,1500.0,,,0.0,-0.004786780388495514,-0.005048958204969801,-0.006109699582910544,-0.007101355339676195,-0.008684409564343819,-0.009745097549286185,-0.011601948037371645,-0.01441476015657184,-0.004842488254856736,-0.005313307517460686,-0.006821286939156001,-0.009139328036280148,-0.010219993235877921,-0.011113808105223376,-0.01251487262143023,-0.014388903177454228,1.0,100.0,100.0,100.0,100.0,100.0,100.0,100.0,100.0,100.0,100.0,100.0,100.0,100.0,100.0,100.0,100.0,0.0,0.0,4.0,4.0,-0.010636272824644757,0.008498156767678466,-0.0013386530132289448,1.0,0.0,0.0,90.0,0.0,0.0,0.0,1.0,1.0,0.0,0.0,0.0,,0.0,,0.0,,-1.0,0.0,0.0,0.0,0.0,1.0,0.0,0.0,0.0,0.0,,0.0,,346.3834077730429,0.0,346.3834077730429,1.0,,,36.0,36.0,,,2.0,2.0,300.0,300.0,2.0,2.0,,,,,1.0,1.0,15.0,15.0
420.7390460755835,6000.0,53.064461199974176,49.0,4.0,0.0,500.0,73,0.0,254.5420906263181,254.08255217547512,-0.15051421274531407,0.18502549791075368,0.05836802708942675,0.07545729038768198,-0.016982831053299063,6.0,1.0,56.0,38.0,80.0,74.0,32.0,69.0,1.0,0.0,6.0,0.0,0.0,395.27578895241254,0.0,0.005868183801226223,395.27578895241254,395.28165713621377,0.0,395.27578895241254,0.0,0.005472522848776862,395.27578895241254,395.2812614752613,0.0,395.27578895241254,0.0,0.0021335825413189013,395.27578895241254,395.2779225349539,0.0,395.27578895241254,0.0,0.0014956784983723992,395.27578895241254,395.2772846309109,0.0,-1.9560612670754078e-05,-1.8241742829256206e-05,-7.111941804585816e-06,-4.985594994574664e-06,1.0,1500.0,1500.0,1500.0,1500.0,,,0.0,-0.005101637561011251,-0.005608292787109503,-0.007249208466100309,-0.009755692900610756,-0.010930880624383433,-0.011871209743429478,-0.013387583671193637,-0.015457999669180421,-0.004896385426118544,-0.005427619683433393,-0.0070515664861465766,-0.009631653097644844,-0.010729001456250931,-0.011836374181400267,-0.013107890152581625,-0.014842954180458003,1.0,100.0,100.0,100.0,100.0,100.0,100.0,100.0,100.0,100.0,100.0,100.0,100.0,100.0,100.0,100.0,100.0,0.0,4.0,4.0,4.0,0.017984398494466803,-0.03450968248184753,0.010578325364124907,1.0,60.0,0.0,0.0,0.0,0.0,0.0,1.0,1.0,0.0,0.0,0.0,,0.0,,0.0,,-1.0,0.0,0.0,0.0,0.0,1.0,0.0,0.0,0.0,0.0,,0.0,,420.7390460755835,0.0,420.7390460755835,1.0,,,36.0,36.0,,,2.0,2.0,300.0,300.0,2.0,2.0,,,,,1.0,1.0,15.0,15.0
412.49545674986496,6000.0,51.921814299945254,49.0,4.0,0.0,483.0,74,0.0,234.09631615131312,234.09631615131312,0.05362941352969959,0.08333564991402093,0.044530342036842654,0.053229809314942055,-0.005360932301521626,6.0,1.0,62.0,32.0,74.0,74.0,32.0,70.0,1.0,0.0,6.0,0.0,0.0,365.28709941302697,0.0,0.00687192540920023,365.28709941302697,365.2939713384361,0.0,365.28709941302697,0.0,0.006146894018684179,365.28709941302697,365.29324630704565,0.0,365.28709941302697,0.0,0.004382641012512067,365.28709941302697,365.2914820540394,0.0,365.28709941302697,0.0,0.002982872469033282,365.28709941302697,365.29008228549606,0.0,-2.2906418030477957e-05,-2.0489646728947264e-05,-1.4608803374850746e-05,-9.942908230300418e-06,1.0,1500.0,1500.0,1500.0,1500.0,,,0.0,-0.005176758463404329,-0.0056709634504029435,-0.0073028377650273596,-0.009764734333161763,-0.010905436953386884,-0.011430530290969455,-0.013046543242640141,-0.015173089897334967,-0.004948778072309779,-0.005443460487503238,-0.007027880692896415,-0.009504069150998039,-0.010583893492223063,-0.011356108616615845,-0.012749693885033908,-0.0146284309833272,1.0,100.0,100.0,100.0,100.0,100.0,100.0,100.0,100.0,100.0,100.0,100.0,100.0,100.0,100.0,100.0,100.0,0.0,0.0,1.0,4.0,-0.014216368388647992,-0.015153278558182492,-0.017163019336815924,1.0,0.0,105.0,30.0,0.0,0.0,0.0,1.0,1.0,0.0,0.0,0.0,,0.0,,0.0,,-1.0,0.0,0.0,0.0,0.0,1.0,0.0,0.0,0.0,0.0,,0.0,,412.49545674986496,0.0,412.49545674986496,1.0,,,36.0,36.0,,,2.0,2.0,300.0,300.0,2.0,2.0,,,,,1.0,1.0,15.0,15.0
419.6033525948372,6000.0,53.31915039999876,49.0,4.0,0.0,499.0,75,0.0,213.483360772214,213.1209945441581,0.19594377576831928,-0.06388562583714297,0.05870983039021943,0.06494715335240646,-0.016071405408000512,6.0,1.0,62.0,26.0,68.0,74.0,32.0,71.0,1.0,0.0,6.0,0.0,0.0,338.1228691225156,0.0,0.005944406150206305,338.1228691225156,338.12881352866583,0.0,338.1228691225156,0.0,0.005207720090879775,338.1228691225156,338.12807684260656,0.0,338.1228691225156,0.0,0.0021621461155518773,338.1228691225156,338.1250312686312,0.0,338.1228691225156,0.0,0.0014606854277872117,338.1228691225156,338.1243298079434,0.0,-1.981468716735435e-05,-1.7359066969788728e-05,-7.2071537185062574e-06,-4.868951425957372e-06,1.0,1500.0,1500.0,1500.0,1500.0,,,0.0,-0.005119153281744371,-0.005663968952674426,-0.007383417233266032,-0.010053506309949035,-0.011200225778679317,-0.012052411703363885,-0.013525949860802643,-0.015504113558888566,-0.004892521420725337,-0.005437721592155541,-0.0071071272360292434,-0.009792541203035741,-0.010864846451181399,-0.011923620668611657,-0.013194337722778737,-0.014939811141938897,1.0,100.0,100.0,100.0,100.0,100.0,100.0,100.0,100.0,100.0,100.0,100.0,100.0,100.0,100.0,100.0,100.0,0.0,1.0,4.0,1.0,0.027698830768457583,0.00948496845397706,0.008696614143132327,1.0,15.0,0.0,105.0,0.0,0.0,0.0,1.0,1.0,0.0,0.0,0.0,,0.0,,0.0,,-1.0,0.0,0.0,0.0,0.0,1.0,0.0,0.0,0.0,0.0,,0.0,,419.6033525948372,0.0,419.6033525948372,1.0,,,36.0,36.0,,,2.0,2.0,300.0,300.0,2.0,2.0,,,,,1.0,1.0,15.0,15.0
0.0,0.0,53.57216270000208,0.0,0.0,0.0,333.0,76,1.0,195.90574450585166,196.13292066688047,,,,,,,,,,,,,,,,,,,,,,,,,,,,,,,,,,,,,,,,,,,,,,,,,,,,,,,,,,,,,,,,,,,,,,,,,,,,,,,,,,,,,,,,,,,,,,,,,,,,,,1.0,1.0,0.0,0.0,0.0,,0.0,,0.0,,-1.0,0.0,0.0,0.0,0.0,1.0,0.0,0.0,0.0,0.0,,0.0,,425.6991947108123,0.0,425.6991947108123,,,,,,,,,,,,,,,,,,,,,
0.0,0.0,52.059187299979385,0.0,0.0,0.0,343.0,77,1.0,177.81218100739096,177.8204704629586,,,,,,,,,,,,,,,,,,,,,,,,,,,,,,,,,,,,,,,,,,,,,,,,,,,,,,,,,,,,,,,,,,,,,,,,,,,,,,,,,,,,,,,,,,,,,,,,,,,,,,1.0,1.0,0.0,0.0,0.0,,0.0,,0.0,,-1.0,0.0,0.0,0.0,0.0,1.0,0.0,0.0,0.0,0.0,,0.0,,434.72923968905525,0.0,434.72923968905525,,,,,,,,,,,,,,,,,,,,,
446.51231176269147,6000.0,52.46771659998922,49.0,4.0,0.0,493.0,78,0.0,162.9043881701147,162.28809527737303,-0.21482384334118917,-0.23140453664023536,0.19560501119484003,0.07077710307753439,-0.04296981231414628,6.0,1.0,56.0,20.0,56.0,74.0,32.0,74.0,1.0,0.0,6.0,0.0,0.0,269.38967867660756,0.0,0.030966331594754593,269.38967867660756,269.4206450082023,0.0,269.38967867660756,0.0,0.028942635939074535,269.38967867660756,269.4186213125467,0.0,269.38967867660756,0.0,0.016229716821840157,269.38967867660756,269.4059083934294,0.0,269.38967867660756,0.0,0.010871678343619351,269.38967867660756,269.4005503549512,0.0,-0.00010322110531584865,-9.647545313043793e-05,-5.409905607280052e-05,-3.62389278120645e-05,1.0,1500.0,1500.0,1500.0,1500.0,,,0.0,-0.004913018722252538,-0.005372875063341899,-0.0069234058305697845,-0.009289372697272568,-0.010469646874568637,-0.011196630369278981,-0.012789786581854746,-0.01486871828247036,-0.004689830742921375,-0.005148713759001566,-0.006650392561733564,-0.009018661607014034,-0.010137637957315749,-0.011086420386705287,-0.01246281324709657,-0.014296784651795047,1.0,100.0,100.0,100.0,100.0,100.0,100.0,100.0,100.0,100.0,100.0,100.0,100.0,100.0,100.0,100.0,100.0,0.0,4.0,4.0,4.0,-0.030205338951698718,-0.025298632179949824,0.009546342278509042,1.0,0.0,0.0,60.0,0.0,0.0,0.0,1.0,1.0,0.0,0.0,0.0,,0.0,,0.0,,-1.0,0.0,0.0,0.0,0.0,1.0,0.0,0.0,0.0,0.0,,0.0,,446.51231176269147,0.0,446.51231176269147,1.0,,,36.0,36.0,,,2.0,2.0,300.0,300.0,2.0,2.0,,,,,1.0,1.0,15.0,15.0
477.24168697246273,6000.0,53.7268488999689,49.0,4.0,0.0,539.0,79,0.0,147.15424485093564,147.15424485093564,-0.12091644747360479,-0.06295526044515178,0.10480122537115077,0.06667646052006859,-0.04217210233899665,6.0,1.0,62.0,26.0,50.0,74.0,32.0,75.0,1.0,0.0,6.0,0.0,0.0,244.9724138745027,0.0,0.005754672381840464,244.9724138745027,244.97816854688455,0.0,244.9724138745027,0.0,0.005010926207205557,244.9724138745027,244.97742480070994,0.0,244.9724138745027,0.0,0.0014030121164978482,244.9724138745027,244.97381688661918,0.0,244.9724138745027,0.0,0.0009456486470753589,244.9724138745027,244.97335952314975,0.0,-1.918224127280155e-05,-1.6703087357446596e-05,-4.676707054898088e-06,-3.1521621568231238e-06,1.0,1500.0,1500.0,1500.0,1500.0,,,0.0,-0.005240291091706161,-0.005767100745968534,-0.007411752953396088,-0.0099814232414301,-0.011106578262437283,-0.011978553411778671,-0.013429380915427868,-0.015366022717585758,-0.005007368021645808,-0.005533608540676615,-0.007127345749884207,-0.009694180593078363,-0.01076330517038029,-0.011811302589726536,-0.013067694870576884,-0.014773407926282057,1.0,100.0,100.0,100.0,100.0,100.0,100.0,100.0,100.0,100.0,100.0,100.0,100.0,100.0,100.0,100.0,100.0,0.0,4.0,1.0,4.0,0.03297219323192214,0.0009789611257649989,-0.009560126025421962,1.0,60.0,105.0,0.0,0.0,0.0,0.0,1.0,1.0,0.0,0.0,0.0,,0.0,,0.0,,-1.0,0.0,0.0,0.0,0.0,1.0,0.0,0.0,0.0,0.0,,0.0,,477.24168697246273,0.0,477.24168697246273,1.0,,,36.0,36.0,,,2.0,2.0,300.0,300.0,2.0,2.0,,,,,1.0,1.0,15.0,15.0
